9.5 2.5 97.8 100 3 0 0 0 0 0 0 2 1.1 0 0 2 6 2 68.2 92.6 2 47.1 80
27.3 -12.5 97.8 85 3 0 1 0 0 0 0 2 1 0 0 3 6 3 56.8 79.4 2 62.2 80
15.8 0 100 100 2 1 0 1 0 0 0 1 6.1 1 0 2 5 2 37 50.1 2 29 30
30.4 4.8 100 100 2 0 1 0 0 0 0 1 5.1 0 0.5 2 6 2 44.3 56 1 31.5 75
10.3 9.5 113.5 118 2 1 0 0 0 0 0 3 8.7 1 12.5 2 5 2 69.1 67 1 10 70
22.8 0 100 100 3 1 0 1 0 0 0 2 1.3 1 0 3 6 3 41.7 86.5 2 35.8 60
12 40 108 110.3 3 0 1 0 0 0 0 4 8.3 0 0 3 6 2 47.1 66.5 3 20.7 50
26.3 32.5 101 105 3 1 0 1 0 0 0 1 2.1 1 3.8 2 7 2 20 86.3 3 73.3 5
4.3 -3.2 107.3 100 1 1 0 0 0 0 1 3 13 1 5.3 1 6 2 58.8 80 2 24.4 0
2.5 11.3 100 104 2 1 0 0 0 0 1 4 21.5 1 13.8 2 8 3 49.6 70 2 22.8 30
14.5 42.5 102.5 103.8 3 1 0 0 0 0 0 3 24.9 1 17.8 2 7 2 53.5 43.5 2 25.4 0
40.5 70 110 100 3 1 0 1 0 0 0 2 9.7 1 10.8 3 7 2 64 70.8 3 28.6 63
23 20 103.5 100 2 1 0 1 0 0 0 2 2.3 1 11 2 7 2 42.5 91.3 1 26.9 75
7.8 15 105 86.8 3 0 0 0 0 0 0 4 9.5 0 0 2 7 2 29.4 98.3 2 19.9 85
38.7 23.8 101 109.5 2 1 0 0 1 0 0 4 7.3 1 15 2 6 2 48.9 89 1 48.3 74
36.8 24.3 105 110 2 1 0 0 0 0 0 1 13.6 1 8.8 2 6 2 32.2 87.8 2 21.4 90
50.5 -15 100 105 2 0 1 0 0 0 0 1 1.3 0 0 2 3 2 41.6 95 2 20.3 70
15.2 76.5 100.3 97.3 2 1 0 0 0 0 1 2 3.7 1 9 2 5 2 53.2 98.3 2 25.1 53
29 17.5 102.3 100 3 1 0 0 0 0 1 2 14.9 1 15 2 7 3 33.2 65.1 2 23.9 28
16 -21.2 100 105.3 3 1 0 0 0 0 1 4 5.4 1 0 2 5 2 48.7 78.5 2 18.3 80
16.5 16.3 101.3 96.5 3 1 0 1 0 0 0 4 4.2 1 5.8 2 8 2 35.7 87.8 2 34 60
25.3 2 100 102.8 3 1 0 0 0 0 1 1 7.5 1 5 2 7 2 34.3 72.8 2 25.3 0
38.5 43.8 102.3 100 2 1 0 0 0 0 1 3 4.1 1 70 1 6 3 47.3 94.2 2 17.3 0
12.7 12.5 102 101 2 1 0 0 0 0 0 2 6.6 1 6.3 2 6 2 39.3 42.5 2 35.3 0
31.3 3 104.8 95 1 1 0 0 0 0 0 1 4.2 1 10.8 2 6 2 45.5 74 2 26.3 85
9.9 -7.5 100 96.3 2 1 0 1 0 0 0 3 2.4 1 0 2 6 2 54.8 86.7 1 13.3 70
9.3 14.5 101.5 105 2 0 0 0 0 0 0 3 5.9 0 0 2 7 1 72.9 64 1 11.1 35
35 13.8 100 100 2 1 0 1 0 0 0 2 5.8 1 11.8 2 6 2 51.6 46.3 2 30.5 0
75 80 103 95 2 1 0 0 0 0 0 1 20.4 1 0 2 6 2 74.3 82.3 3 17.5 25
33.8 85 117.5 100 2 1 0 0 0 0 0 1 6.5 1 7.5 2 5 2 60.6 87.3 2 20.1 48
46.3 13.8 99.5 91.3 3 1 0 0 0 0 0 1 14 1 10 2 6 2 67.6 50.1 2 41.8 5
34.3 12.5 102.8 115.5 3 1 0 0 0 0 1 1 5.9 1 1.5 2 6 2 40.2 67.5 3 140 100
31.9 -13 94.5 100.8 3 1 0 0 0 0 0 1 4.5 1 6.3 2 5 2 59.4 66.5 2 21.6 75
16.2 0 100 100 3 1 0 1 0 0 0 3 7.2 1 10 2 7 2 48.2 79 2 20.8 80
32 0 105 100 2 1 0 1 0 0 0 2 6.9 1 0 2 7 2 53.7 93.8 2 36.3 75
74 80 120 100 3 1 0 1 0 0 0 1 15.5 1 26.3 3 6 3 51.7 66.5 3 20.3 0
9.8 -25 104.8 104.5 2 1 0 0 0 0 0 2 21.7 1 63.8 2 7 1 52.3 67.5 2 11.5 45
42.3 43.8 100 99 3 1 0 1 0 0 0 1 5.2 1 0.5 3 7 3 62.2 79 2 13.6 85
20.1 11.3 105 109.5 3 0 0 0 0 0 0 2 3.6 0 1.5 2 6 1 53 82.5 3 23.4 70
27 71.3 121.3 110 3 0 1 0 0 0 0 2 9.2 0 22.5 1 6 3 65.2 70.9 2 18.8 36
16.5 9.3 104 102.3 3 0 0 0 0 0 0 3 18 0 9.3 2 6 3 73.1 72 2 10.7 100
31.3 66.3 100 100 3 0 0 0 0 0 0 2 13.2 0 30 3 6 1 88 77.5 2 20.9 0
30 10 102.5 105 2 1 0 1 0 0 0 2 4.5 1 12.5 3 6 2 58.8 94.8 1 19.4 60
14.5 80 109.7 115 1 0 0 0 0 0 0 3 9.7 0 6.3 1 6 2 59.8 76.3 2 31.6 55
43.5 10 103.8 104 3 0 1 0 0 0 0 1 5.2 0 2.5 2 5 2 46.4 49.3 2 32.3 75
13.2 31.5 107.4 98 3 1 0 0 0 0 0 2 5 1 1 2 6 1 65.3 70.7 2 30.4 60
6.6 15 105 104 1 1 0 0 0 0 0 4 9.2 1 0 2 6 2 51.4 42.7 2 25.4 0
26.5 10 102.3 100 2 1 0 0 0 0 0 3 5.2 1 0 2 6 2 39.8 75.5 2 32.1 90
12.8 60 107.5 95 3 0 1 0 0 0 0 1 11 0 2.5 2 7 2 45 100 2 19.5 62
18.8 22.5 105 105 2 1 0 1 0 0 0 1 1.4 1 6 3 7 2 33.4 82.5 2 42.9 49
26 17.5 105 100 3 1 0 0 0 0 0 4 9.9 1 3.3 2 7 2 56.1 74.8 2 16.2 67
5 20 107 103 1 0 1 0 0 0 0 3 7.2 0 0 2 7 2 46.4 74.6 2 19.1 44
19.5 55 100 110 3 0 1 0 0 0 0 1 8.2 0 5 2 6 2 52 73.3 1 50.7 50
15.6 71.4 105.3 101 3 1 0 0 0 0 0 3 8.2 1 12.1 2 7 2 50.4 98.8 2 38.5 58
22.2 75 105 103.3 3 1 0 0 0 0 0 3 11.9 1 7 2 7 2 81.6 71.5 2 35.8 50
7.3 57.5 102.3 97.3 1 0 0 0 0 0 0 4 17.7 0 7.3 1 8 1 30.9 41.3 1 32.4 63
25.3 47.3 100 100 3 1 0 0 0 0 0 3 3.3 1 16.5 2 7 3 64.7 89 3 15.4 60
12.8 80 111 105.3 1 1 0 1 0 0 1 3 6.6 1 2.8 2 7 2 58.7 89 2 22.1 45
59.5 37.3 101.8 90 3 1 0 0 0 0 0 4 3 1 8.7 2 6 2 53.6 103.7 3 27.2 50
23.3 18.8 106.1 87.8 3 1 0 0 0 0 0 3 12.2 1 8.7 3 7 2 53.1 86.5 2 34.5 0
14.8 35 100.5 102 3 1 0 1 0 0 1 4 9.9 1 0 3 6 2 40.7 88.8 3 23.5 90
8.6 8.3 101.3 98 2 0 1 0 0 0 0 4 5.4 0 0.5 2 7 2 39.8 92.3 2 14.3 70
12.8 -21.2 100 100 1 0 1 0 0 0 0 2 4.9 0 5.3 2 6 2 54.7 96.3 2 18.6 90
12.3 85 121.3 125 1 1 0 0 1 0 0 2 20.8 1 45 1 6 2 40.2 61.5 2 19.5 0
15.6 22 103 90 2 1 0 0 0 0 0 4 8.1 1 9.1 1 7 3 36 69.9 3 22.7 52
5.2 71.3 104.5 103.8 1 0 1 0 0 0 0 4 5.9 0 4.2 2 6 2 78.7 60.9 1 20 60
24.8 10 100 86 3 0 1 0 0 0 0 1 2.8 0 5 2 7 2 41.7 94 2 35.6 95
75 85 125 125 3 1 0 0 0 0 1 1 13.8 1 0 3 7 3 40.6 105.5 1 66.8 10
11.3 57.5 102.3 97 1 0 0 0 0 0 0 4 7.8 0 0 1 6 2 23.7 80.4 3 26.6 0
14 69.8 99.5 103 2 1 0 0 0 0 1 2 3.7 1 9 2 5 2 52.4 98.3 2 28 53
26 35 105 100 3 1 0 0 0 0 0 1 3.6 1 3 3 6 2 36.5 80 2 24.6 75
7.1 85 125 125 2 1 0 0 0 0 0 2 6.2 0 25 2 3 3 68.5 98.8 3 33.1 64
34 5 102.8 100.3 3 1 0 0 0 0 0 2 2.6 1 0 2 7 2 47.6 92.3 2 20 90
16.8 2.5 100.8 100.3 2 0 1 0 0 0 0 3 23.2 0 1.3 2 8 2 77.6 55.3 2 39.6 20
17.3 35 115 100 3 1 0 0 0 0 0 4 11 1 10 2 7 2 34.2 84.8 3 17.7 65
43.8 55 108.5 109 3 1 0 0 1 0 0 3 8.3 1 26.3 3 6 3 56.2 109 1 10.6 80
18 47.5 110 100 2 1 0 0 0 0 0 2 7 1 0 2 6 2 33.9 67 2 11.8 70
11 -8.7 105 105.5 2 1 0 0 0 0 0 2 21.2 1 68.8 2 7 1 52.4 67.5 2 23.7 47
9.8 -25 100 125 1 0 0 0 0 0 0 3 2.9 0 0 2 3 2 79.9 108.8 1 28.7 40
27 32 103.3 108 2 1 0 0 0 0 0 4 10.4 1 8.7 3 7 2 42 89.5 2 22.1 63
16.5 9.3 105.3 100 3 1 0 1 0 0 1 3 24.9 1 7 3 7 2 34.7 66.8 2 15.7 25
15.5 -10 100 100 1 0 1 0 0 0 0 2 7.9 0 21.3 2 6 1 50 90.5 2 18.1 70
9.5 -18.7 95 110 1 0 1 0 0 0 0 3 8.5 0 5 1 6 2 50.5 66.8 1 13.7 0
75 85 110 105 3 1 0 0 1 0 0 1 5 1 34.3 3 6 3 49.5 109 2 14.5 75
11.5 5 106.5 106.5 3 0 1 0 0 0 0 4 6.2 0 0 2 6 2 63.1 60.8 2 16.6 0
18.5 0 100 101.8 3 0 0 0 0 0 0 1 3.2 0 0 3 2 2 34.8 93.5 2 69.9 40
7.8 85 102 100 2 0 0 0 0 0 0 1 7.2 0 70 2 2 1 27.1 40.3 1 13.9 0
10.6 55.8 100 102 2 0 1 0 0 0 0 3 14.7 0 15 1 4 1 43.2 100.6 2 31.6 75
11.5 -5 100 100 3 0 0 0 0 0 0 2 1.1 0 3.3 2 6 2 36.6 56.3 2 21 80
22.3 10 100.3 100 3 1 0 1 0 0 0 3 4.2 1 3.8 3 6 2 52.7 93.5 2 17.7 60
24.6 25 102.3 102 2 1 0 0 0 0 0 3 8 1 9.1 3 6 3 32.1 64.9 2 34.9 78
14 10 100 107 1 1 0 0 1 0 0 1 4.5 1 10 2 3 2 53.3 98.5 2 15.6 90
16.8 57.5 104 103.8 3 1 0 0 0 0 0 2 4.2 1 1 2 3 2 45.4 83.3 3 20.2 80
75 85 106 100 2 1 0 0 0 0 0 1 5.4 1 1.5 2 7 2 52.6 57.8 2 43.2 60
15.5 13 105 107 3 1 0 1 0 0 0 3 10.1 1 0 2 7 2 35.6 81.1 3 18.7 85
31.3 0 101.3 100 2 0 1 0 0 0 0 1 3.1 0 0 1 6 2 43.9 103 2 20.2 50
13.5 17.5 100 100 2 1 0 1 0 0 0 2 7.4 1 25.5 3 6 2 54.5 56 2 22.7 0
59.3 72.5 108.5 100 2 1 0 1 0 0 0 2 11.1 1 0 2 7 2 53 94 1 35.2 70
10 0 101 102 2 0 0 0 0 0 0 4 2.2 0 4.3 2 7 1 49.1 80 2 19.5 80
59.5 50 125 125 3 1 0 1 0 0 0 2 3.8 1 1.4 2 6 3 58.7 92.5 1 140 50
20.4 5 104.3 100 2 1 0 0 0 0 1 2 9.9 1 0 2 6 2 65.2 54.7 1 14.4 40
26.3 1.3 101 105 2 0 1 0 0 0 0 2 2.2 0 0.3 2 6 2 31.7 73.5 3 61.8 0
32.8 0 103.8 100 2 1 0 1 0 0 0 2 7.2 1 0 2 7 2 64.4 92.3 2 38.1 75
2.1 30 100 100 1 0 1 0 0 0 0 5 12.2 0 0 1 6 1 37.1 49 2 18.4 35
75 85 100 95 3 1 0 1 0 0 1 1 4.5 1 30 2 1 2 58.8 80.4 2 16.9 70
1.8 55 108 100 3 1 0 1 0 0 0 4 7.5 1 5 2 7 1 49.2 96.5 2 16.2 90
24 70 110 100 3 1 0 1 0 0 0 2 9.7 1 10.8 1 7 3 64 70.8 3 28.6 63
72.8 85 110 90 3 1 0 0 1 0 1 2 5.3 1 8.3 3 7 3 51.4 86.8 3 22.1 50
9.5 0 100 100 3 0 1 0 0 0 0 3 9.7 0 5.5 3 7 1 46.4 89.5 2 24.7 70
38.8 21.5 106.8 102.8 2 0 1 0 0 0 0 1 5.7 0 0 2 6 2 57.2 101.5 2 21.1 0
27.6 35.5 100.9 100.5 2 1 0 0 0 0 0 3 6.5 1 10.7 3 7 2 41.1 66.4 2 22 56
10 50 100 116.3 1 0 1 0 0 0 0 1 4.7 0 13.8 1 6 2 40.9 110 2 10 43
73.8 78.8 97.8 97.8 2 1 0 0 0 0 0 1 1.4 1 3.1 3 5 3 59.3 110 2 31.6 98
75 36.3 99.3 100 3 1 0 0 0 0 0 1 4.8 1 0 2 6 3 31.7 77 2 22.1 50
15 70 105 98 3 0 1 0 0 0 0 3 13 0 10 2 7 2 39.7 48 1 15.3 70
33.8 0 100 100 2 0 1 0 0 0 0 1 1 0 0 2 2 2 53.9 79.2 2 24.6 80
15.3 0 100 90 2 1 0 0 0 0 0 1 2.6 1 0 2 2 3 20 100.8 2 60.3 50
23 82.5 115 125 2 0 1 0 0 0 0 3 7.2 0 5 2 6 2 69.3 78.3 2 18.1 45
36.7 70 105 97.1 2 1 0 0 0 0 1 4 4.1 1 0 2 7 2 46.9 87.3 2 54.1 0
4.2 5 106.3 115 1 0 1 0 0 0 0 2 2.8 0 20 1 6 1 62.4 81.8 1 20.5 80
21.9 50 105 97 2 1 0 0 0 0 1 2 4.4 1 7.5 2 7 2 46.7 90.8 2 50.9 0
21.8 44.5 103.8 125 2 1 0 0 0 0 0 2 5.2 1 11.3 2 6 2 41 98.5 2 21.1 60
14.5 30 106.3 100 2 1 0 0 0 0 0 3 13.1 1 0.3 2 6 2 66.8 75.5 2 51.4 50
19.6 13.8 108.3 117.5 2 0 1 0 0 0 0 3 11.7 0 4.5 3 6 1 48.1 62.3 2 27 70
2.3 6.3 101.3 101.3 1 0 0 0 0 0 0 3 18.8 0 0 2 6 1 62.5 51 2 10 63
7.5 30 100 100 2 1 0 0 0 0 0 4 7.7 1 15.9 2 7 1 47.7 79.5 2 26.4 25
12.5 24 100 100.5 1 0 1 0 0 0 0 2 6.4 0 0 2 6 2 37.1 87.5 2 18.3 60
75 85 100 100 3 1 0 0 0 0 1 1 1 1 37.5 2 2 2 48.7 78.5 2 20.8 70
3.3 35 110 110 1 0 0 0 0 0 0 2 7.9 0 0 1 6 1 48.8 75.3 2 17.3 75
30.5 85 103 105 3 1 0 0 0 0 0 4 5.8 1 70 3 6 3 41.6 93.9 2 24.6 90
38.5 -25 97.3 100 2 1 0 0 0 0 0 1 3.6 1 0 2 6 2 46.1 64 1 12.4 77
54.3 22 109.2 98 3 1 0 0 0 0 0 1 8.2 1 7.8 3 7 2 51.9 77.9 2 45 95
38.5 -22.5 100 105.8 2 1 0 0 0 0 0 1 2.3 1 1.5 2 6 2 56.6 89.5 1 47.7 90
38.3 15.5 103.8 96.3 2 1 0 0 0 0 1 2 5.8 1 4 3 7 2 57.8 91.6 1 15.3 0
25.1 62.6 102.5 96 1 0 1 0 0 0 0 4 4.5 0 6.9 3 7 3 37.1 94 2 49.3 68
6.8 65 100 100 1 0 0 0 0 0 0 2 19.5 0 0 2 5 1 63.6 53.3 2 14.7 67
10.3 8 107.3 106.5 3 1 0 1 0 0 0 4 8.7 1 2.8 2 6 2 45.5 76.5 3 25.8 75
9.5 67.3 105 105 1 0 1 0 0 0 0 3 4.9 0 6.5 2 6 1 32.2 69.9 2 18.7 87
4.2 10 100 111.3 1 0 0 0 0 0 0 2 6.5 0 8.8 1 6 2 58.1 75.7 1 14 60
2.8 17.5 100 101.5 1 0 1 0 0 0 0 3 10.9 0 47.5 2 6 1 41.1 100.6 2 19.8 75
20.8 14.6 106.9 96 2 1 0 0 1 0 0 3 13.5 1 8.7 2 7 2 53.4 86.5 2 40.3 38
29 16.3 100 100 2 0 1 0 0 0 0 2 16.5 0 10.5 2 7 2 54.5 90.7 1 24.1 30
18.1 64 100 100 3 1 0 1 0 0 0 3 6.6 1 10 2 4 2 40.3 70.2 1 38.7 100
20 33 104 105.1 2 0 1 0 0 0 0 2 4.4 0 0 2 7 2 68.4 100.4 1 24.6 0
14.5 10 100 100.3 2 1 0 1 0 0 0 2 11.4 1 10.5 2 7 2 37.1 40 2 10 60
29 10 103.8 105 2 1 0 0 0 0 0 3 6.6 1 5 2 7 2 23.4 87.4 2 18.1 95
30.8 70 102.5 95 1 0 1 0 0 0 0 1 6.5 0 47.9 2 4 2 66.5 72.8 2 14.3 5
49.3 50 105 97.1 3 1 0 0 0 0 1 2 4.1 1 0 2 7 2 60.1 89.9 2 55.4 0
27.8 42.5 100 100 2 1 0 0 0 0 0 1 7.6 1 8.5 2 4 2 50.9 66 2 21.3 0
62.8 85 105 100 3 1 0 0 1 0 1 2 9.7 1 5 2 7 2 69.6 84.5 2 23.4 45
32.5 61.3 108.7 110 2 0 0 0 0 0 0 2 11.3 0 0 2 6 2 60.1 74.9 2 33.3 55
24.3 17.5 100 100 1 0 1 0 0 0 0 1 4.2 0 2.5 2 4 2 53.6 75 2 21.9 65
8 0 101.3 107 1 1 0 1 0 0 0 3 12.2 1 0 2 7 2 35.6 81.1 3 17.2 85
13.5 19.8 116.8 125 3 1 0 1 0 0 0 3 3.1 1 10 3 7 1 23.2 89.5 2 25.1 0
55.5 10 103 90 3 1 0 1 0 0 0 1 12.9 1 3 3 6 3 50.9 59.7 2 84.9 50
41.3 25 95.5 102 2 1 0 1 0 0 0 1 5.5 1 0 2 6 2 50.6 71.5 2 86.9 50
18 40.6 111.6 103 2 0 0 0 0 0 0 3 17.4 0 8.7 2 7 3 41.7 61.6 2 37.4 0
3 20 100 100.8 1 0 1 0 0 0 0 4 2.1 0 0 2 6 2 27.5 100.5 2 24.5 50
32.8 20 100 96 3 1 0 1 0 0 0 2 5 1 7.5 2 8 3 55.6 84.8 2 28.1 10
5 20 97.3 95.5 1 0 1 0 0 0 0 3 3.4 0 0 1 5 2 76.4 68.4 2 140 0
15 0 96.3 85 3 1 0 0 0 0 0 3 8.3 1 0 2 7 2 48.1 61 2 17.6 75
50.8 20 103 105 2 1 0 0 0 0 0 1 1.4 1 0 2 4 3 20.4 70.8 1 140 80
14.3 -21.2 96 108.7 2 1 0 0 0 0 1 1 6.4 1 21.3 3 5 2 37.8 90.5 2 16.3 42
50.5 35 100 90 2 0 1 0 0 0 0 1 1.3 0 0 2 5 3 51.6 83 3 140 0
46.2 56.3 107 105 2 1 0 0 0 0 0 1 8.2 1 0 3 6 3 52.7 64 2 39.8 60
16 10 103.8 96 3 0 0 0 0 0 0 4 11.6 0 0 3 7 2 55 82.1 2 19.7 35
40 17 100 96 3 1 0 1 0 0 0 2 3.9 1 6 3 6 2 33.5 82 2 42 20
4.4 -25 100 114.3 1 0 0 0 0 0 0 2 2.8 0 70 2 3 2 87.9 55.8 2 11.8 0
18.8 30 101.5 100.8 3 1 0 1 0 0 0 3 5.5 1 2 2 8 3 48.1 97.5 2 27.9 60
14.5 10 95 85 3 1 0 0 0 0 0 3 7.8 1 0 2 7 2 48 54 2 17.6 75
29.3 15 100.5 111 1 0 1 0 0 0 0 2 7.8 0 34.8 3 6 2 45 40 1 14.8 50
28.8 59.5 105 110 3 1 0 0 0 0 0 4 18.9 1 42.3 3 6 1 70.9 51.3 2 21.9 10
42 20 106.3 107 3 1 0 0 0 0 0 2 8.7 1 0 2 6 2 35.6 81.1 3 19.8 85
10.4 0 100 110 2 1 0 1 0 0 0 1 4.1 1 0 2 5 2 38.9 101 2 39.2 90
13 0 100 100 2 1 0 1 0 0 0 2 3.4 1 0 2 5 2 83.6 97 1 63.5 30
24 45 109.8 106.3 3 1 0 0 0 0 0 2 1.2 1 25 3 5 3 23.1 48 2 51.9 50
37 0 100 100 1 1 0 1 0 0 0 1 2.3 0 0 2 6 2 49.6 85.5 2 20.2 60
32.8 56.9 100.2 94 3 1 0 0 0 0 0 4 3.4 1 9.1 3 7 2 39.9 80.9 3 25.9 64
27 -6 101 100 3 1 0 1 0 0 0 4 2.6 1 5.8 3 7 3 57.5 89.2 2 18.9 80
10.3 15 100 100 2 0 0 0 0 0 0 3 4.3 0 20 2 6 2 66 71.3 2 14 60
16.3 39 101 94.5 1 1 0 0 0 0 0 2 6.2 1 12.3 1 6 3 29 86 2 26.1 80
23.8 0 100 107.3 1 0 1 0 0 0 0 1 1.4 0 0 2 6 2 61 95 1 38.7 61
8.8 3.8 92.8 107.8 1 0 0 0 0 0 0 2 5.5 0 33.5 2 6 1 50 72.3 3 19.4 70
43 38.8 102.8 100 2 1 0 0 0 0 1 2 3.8 1 70 2 4 2 46.1 96 2 17 0
47.6 34.6 115.9 94.7 3 1 0 0 0 0 0 4 10.7 1 12.1 3 7 3 46.9 79.3 3 42.4 44
6.8 0 100 105 2 0 1 0 0 0 0 3 8.3 0 2 2 8 2 37.5 100 2 140 70
30.5 65 105 95 3 1 0 0 0 0 0 3 13.7 1 0 2 6 3 34.4 72 3 22.2 35
40.8 12.5 100 95 1 1 0 0 0 0 0 3 5.3 1 6.5 2 6 2 61.5 103.5 2 26.9 61
28.8 10.5 104 97.8 3 1 0 0 0 0 0 3 7.8 1 7.8 1 6 1 20 82.3 2 29.5 80
5.3 50 100 100 1 0 1 0 0 0 0 3 7.4 0 50 2 6 1 45.6 100.6 2 20.2 75
3.7 40 110 110 3 1 0 1 0 0 0 3 4.9 1 16.3 1 6 3 52.7 71.8 3 16.6 75
19.3 57.5 100 85 2 0 0 0 0 0 0 1 2.2 0 0 2 7 2 58.7 100 3 42.9 60
5.8 30 103.8 108 2 0 0 0 0 0 0 3 8.2 0 0 2 6 2 63.9 84.3 2 19.9 60
18 41.5 104.5 123.8 3 0 1 0 0 0 0 3 7 0 2.5 2 6 2 65.7 60.5 2 15.1 82
9.5 -10 95 117.5 1 1 0 1 0 0 0 1 14.8 1 5 2 6 2 37.7 42.5 1 37.7 100
26.8 50 98.8 90 1 0 1 0 0 0 0 1 2.3 0 41.3 1 4 2 41.7 98 2 42.8 90
62.8 5 103 100 2 1 0 0 0 0 0 1 9.6 1 0 2 7 2 55.5 88.3 3 29.7 42
16.5 10 100 102.8 1 1 0 0 0 0 0 2 6.8 1 5 2 7 2 41 91.3 2 18.2 90
7 16 100 106.5 1 0 1 0 0 0 0 2 4.7 0 0 1 6 1 57.7 81.3 1 10.8 60
35.8 3.8 103.5 100 2 0 1 0 0 0 0 2 6.8 0 25 2 6 2 65.1 75.5 2 23 0
8.2 16.5 100 110 3 0 1 0 0 0 0 4 6.6 0 8.7 1 4 1 38.6 83.9 1 26.6 75
9.5 20.5 102 100.5 2 0 1 0 0 0 0 5 8.6 0 21.3 2 6 2 37.1 78.5 2 24.9 63
10.3 60 114.3 105.3 1 1 0 0 0 0 0 4 7.2 1 19.3 1 7 2 58.1 77.3 2 18.3 45
44 30 113.5 101 3 0 1 0 0 0 0 2 5.3 0 9.5 2 6 3 62.5 94.8 2 45.4 50
4.5 25 107.3 100 3 1 0 1 0 0 0 3 14.8 1 3.8 3 7 1 54.6 89.9 1 21.4 20
55 45 106.3 103 1 1 0 1 0 0 0 2 2.5 1 3 3 7 3 47.2 67.3 1 34.2 0
32 0 98 100 2 1 0 1 0 0 0 1 6.9 1 0 2 7 2 53.2 73.8 2 17.7 70
10.5 0 100 102 1 0 0 0 0 0 0 3 2.9 0 0 2 6 2 41.7 100 1 63.6 90
17.5 10 99.3 97.5 2 1 0 1 0 0 0 2 1.3 1 0 2 6 2 54.9 84.4 2 68.3 80
57.5 5 102.3 90 2 1 0 1 0 0 0 1 12.3 1 0 2 5 3 49.8 63.2 2 90.8 50
21 2.5 96.3 101.8 1 0 0 0 0 0 0 3 8.2 0 4.8 1 3 1 51.3 80.3 2 14.3 50
10.3 -12.5 100 112.8 1 0 1 0 0 0 0 2 11 0 0 2 7 1 68.3 77.8 3 21.7 0
13.8 0 102.5 95 3 1 0 1 0 0 0 5 8.3 1 0 2 7 2 51.3 42.5 2 10.5 70
45 25.8 100 101.8 3 1 0 1 0 0 0 4 7.6 1 7.8 3 7 3 37.8 91.5 1 24.1 75
24.8 77.5 102 89.5 3 1 0 0 0 0 0 3 2 1 13 3 7 3 43.2 82.6 2 31.9 80
25 30 105 98 3 1 0 1 0 0 0 5 5.1 1 65 2 7 3 86.5 66.3 2 37.4 50
9.8 60 103 101.5 3 1 0 0 0 1 0 2 3.3 1 2.5 3 6 2 44.6 88.2 1 13.9 90
40 20 100 97 3 1 0 1 0 0 0 3 4.2 1 7 2 8 3 54.6 87.3 2 25.9 10
11 -3 107 105 1 0 1 0 0 0 0 3 6.2 0 4.5 1 8 1 69.6 97 1 18.6 25
19.3 18.8 103 110.5 1 1 0 0 0 0 1 1 1.7 1 50 1 3 2 24.1 74.3 1 28.5 80
16 0 100 98 1 1 0 0 0 0 0 2 2.2 1 0 2 6 2 48.7 97 2 21.8 85
11 18 100 98 1 1 0 0 0 0 0 2 2.1 1 3.8 2 6 2 48.8 79.5 2 21.6 85
10.9 -5.2 100 98 1 1 0 0 0 0 0 1 2.3 1 1 1 6 2 49 90 2 20.3 54
49 25 105 100 3 1 0 1 0 0 0 1 3.3 1 10 3 5 3 36.8 84.2 2 26.6 20
1.4 45 110 95 1 0 0 0 0 0 0 2 4.7 0 0 1 4 3 20 78.8 1 10.4 0
8 0 100 110.8 1 0 0 0 0 0 0 4 3.3 0 4 2 6 2 64.4 92.2 2 72 61
13.8 85 120 95 1 1 0 0 0 0 0 4 7.7 1 6.3 2 6 3 50 86.5 3 11.6 0
3.8 22.5 100 100 2 0 0 0 0 0 0 4 2.4 0 0 2 5 2 83.2 80 1 58.6 60
4.2 1.3 100 110 2 0 1 0 0 0 0 1 1.5 0 13.8 1 6 3 68.4 85.3 1 69.6 0
14.5 6.3 106.8 102.8 3 1 0 0 0 0 0 4 8.1 1 22 3 7 3 38.5 93.3 1 13.1 40
4.5 0 100 85 1 0 0 0 0 0 0 3 16.9 0 0 1 7 2 64.5 100 1 56.3 50
1.9 59.3 106 105 3 1 0 1 0 0 0 5 11.1 1 10 3 7 2 25.2 53.3 2 16.8 46
12.5 32.5 100 105 1 0 0 0 0 0 0 1 16.8 0 2 2 7 3 47.6 92.5 2 31.9 50
8.8 0 100 97 1 0 1 0 0 0 0 3 3.1 0 0 2 6 2 57.6 67.5 2 13.7 42
13.6 10.3 100 100 2 1 0 0 0 0 0 3 5.5 1 9 3 7 2 38.1 87.8 1 29.5 56
16 -0.5 100 100 2 1 0 0 0 0 0 2 8 1 22.5 1 5 3 56.3 87.3 2 28.6 70
27 0 101.8 100 2 1 0 0 0 0 0 2 10.2 1 3 2 7 2 76.3 61.8 1 15.2 0
23 20 101 90 1 0 1 0 0 0 0 2 9.1 0 8 1 6 2 65 46.3 3 30.8 0
55 25 105.5 95 1 0 1 0 0 0 0 2 2.6 0 0 1 6 1 70.9 86 2 40 0
29.5 10 98.8 97.3 3 0 1 0 0 0 0 2 5.5 0 3.8 3 6 2 50 74.7 3 17.6 70
17.8 -5 97.8 100 2 0 1 0 0 0 0 1 1 0 0 2 5 2 73.9 69.1 2 30.3 0
7.5 -3.2 100 100 1 1 0 1 0 0 0 2 3.9 1 0 2 6 2 49.2 94 2 26.3 85
13.2 10 102.5 104.5 1 0 1 0 0 0 0 4 1 0 0 1 6 1 30.6 88 2 10 75
62.8 -25 96.8 100 3 1 0 0 1 0 0 1 17.3 1 3.8 3 7 2 45.8 79.3 2 21.7 50
3.1 -2.5 98.5 100.3 2 0 1 0 0 0 0 3 2.3 0 1.8 1 7 1 65 93 1 42 0
32 8 109.3 108.3 3 0 1 0 0 0 0 2 5.2 0 3.8 3 6 2 30.6 66.8 3 28.4 42
3.7 -2.5 98.5 100.3 2 0 1 0 0 0 0 3 2.3 0 6.3 2 6 1 64.9 93 1 10.8 0
21 5 103 103 2 1 0 1 0 0 1 2 2.4 1 14.5 2 6 2 39.9 71.5 1 64 83
75 85 109.5 92.5 3 1 0 1 0 0 0 1 8.7 1 1.5 3 6 3 73.6 91.5 1 21.1 0
3.9 7.5 101 101 1 0 0 0 0 0 0 3 13.1 0 0 2 6 2 57.1 63.5 2 13.7 63
4.8 22.5 101.3 103 2 0 1 0 0 0 0 4 3.7 0 0 2 6 1 43.2 84.1 1 48.3 40
6 11 105 101.5 3 0 1 0 0 0 0 4 18.2 0 0.1 2 7 1 42.5 71.1 1 21.4 0
6.5 -16.2 113.8 94 1 0 0 0 0 0 0 1 4.7 0 20 1 5 2 36.1 78.8 2 35 65
18.8 33.5 104 100 2 1 0 0 0 0 0 3 7.6 1 0 2 7 3 33.8 87.3 1 18.2 70
19.3 15 99.8 100.8 3 1 0 1 0 0 0 2 4.9 1 8 2 5 2 81.3 71.3 2 64.8 50
17.8 79 105.5 100 1 0 1 0 0 0 0 3 1 0 0 1 4 1 51.3 110 2 24.9 80
31.5 6.3 100 100 2 0 1 0 0 0 0 1 7 0 0.5 2 6 1 55.1 79.5 1 17.4 0
24.5 13.8 102.3 90 2 0 1 0 0 0 0 3 10.7 0 0 2 6 3 55.7 65 1 15.5 0
13.3 11.5 103.8 108.8 2 0 1 0 0 0 0 4 6 0 5 2 6 2 64.8 92.3 2 15.8 100
7 2.5 101.5 100 1 0 0 0 0 0 0 1 9.2 0 1.3 1 7 1 49.4 60.3 1 35 100
20.3 9.3 102.5 111.5 2 1 0 0 0 0 1 3 8.9 1 25.5 2 8 2 42.1 98.5 2 27.3 0
27.1 13.5 102.8 103 3 1 0 0 0 0 0 2 7.1 1 16.8 2 5 3 54.9 89.3 1 40.9 50
3.3 -25 97.8 103.3 1 1 0 0 0 0 1 2 7 1 31.8 1 5 1 50 69.4 1 24.2 45
17 15.5 104.5 97.8 3 1 0 0 0 0 0 3 11.9 1 8.8 2 6 2 55.4 81.3 2 18.1 75
28.3 0 97.5 103 2 1 0 0 0 0 0 2 1 1 0 2 6 2 69.2 86.3 1 13.8 60
58.3 60 99 99 3 1 0 0 0 0 0 1 1 1 25 3 3 2 24.4 77 1 37.9 80
16.8 5 105.3 102.5 2 1 0 0 0 0 0 1 4.1 1 0 2 4 2 20.5 72.5 2 11 0
31.5 23.8 100 117.5 2 0 1 0 0 0 0 2 7.3 0 2.5 3 6 2 28.2 74.3 3 27.5 0
12.3 75 113.8 100 2 1 0 0 0 0 0 3 8.8 1 10 1 7 3 65.2 86.3 1 29.1 0
35.1 0 100 105 1 0 0 0 0 0 0 1 1.8 0 0 2 4 2 53.2 81.8 1 70.8 0
18.3 58.8 113 123.8 3 1 0 0 0 0 0 4 9.7 1 1.5 3 8 3 53.6 72.3 1 10.5 100
29.8 45 111.8 107.8 3 1 0 0 0 0 0 3 8.4 1 2.5 2 7 2 66.4 54.8 2 21.2 0
14 0 100 105 2 0 1 0 0 0 0 1 3.3 0 0 2 4 2 72.7 50 2 18.3 100
36.5 2.5 102.8 100 3 1 0 0 0 0 1 2 25 1 25 1 8 3 35.2 52 2 25.6 37
70.3 80 106.9 100 3 1 0 1 0 0 1 1 6.4 1 7 2 8 2 48.3 80 2 25.6 90
15 -22.5 92.5 122.3 3 1 0 0 0 0 1 1 9.7 1 56.5 3 6 2 71.5 89 1 19.7 0
19.3 35 99 98 3 1 0 0 0 0 0 3 7.7 1 13.8 3 7 2 60.6 93.5 3 18.6 0
18 70 113.8 105 1 1 0 0 0 0 1 3 11 1 27.5 1 6 2 32.3 40 2 21.5 0
12 12.5 100 100.3 2 0 1 0 0 0 0 2 12.9 0 3.5 2 7 2 52.3 79 1 32 90
20.3 48.5 108 112.3 3 1 0 0 0 0 0 2 14.7 1 0 2 7 2 60.6 88.3 2 18.9 45
23.8 67.5 125 86.8 1 1 0 0 0 0 0 2 12.5 1 0 1 7 2 29.3 98.3 2 31.9 85
13 85 110 115 2 1 0 0 0 0 0 5 9.7 1 0 2 7 3 31.3 62 1 26.7 66
18.4 55 104.8 90.5 2 0 1 0 0 0 0 2 2.6 0 0 2 4 3 35.9 75.8 2 21.5 75
56.3 65 100 100 2 1 0 1 0 0 0 1 1.3 1 0 2 4 1 67.2 85 2 40.3 40
16.3 57.8 105.8 99.8 3 1 0 0 0 0 0 4 5.6 1 7.8 3 6 2 50.1 88.8 3 37.4 50
18.5 46.3 106.8 102.5 1 0 1 0 0 0 0 4 12.1 0 0.5 1 6 3 60.5 82.5 2 24.3 60
36.5 31.3 110.5 100 3 0 1 0 0 0 0 1 7.9 0 2.5 2 6 3 67.3 57.3 3 19 0
26 -25 98.3 100 2 0 1 0 0 0 0 2 1.5 0 0 2 5 2 40.3 79.3 2 79.7 60
3.4 0 100 94 2 0 0 0 0 0 0 4 5 0 0 2 6 2 41.9 86 1 19.4 0
18.6 52.5 100.5 95 3 1 0 0 0 0 0 4 6.4 1 6.3 3 6 2 28.3 43.3 3 59.2 65
11.9 47.5 107.8 100 1 1 0 0 1 0 0 3 6.4 1 12.5 2 6 2 64 78 2 30.3 10
9 51 110 97 1 0 1 0 0 0 0 4 6.3 0 0 2 6 3 41.9 100 2 31.2 75
5.5 6.8 95 108.8 1 1 0 1 0 0 0 2 15.4 1 8.3 1 6 2 48.7 68.3 1 20.8 65
28 5 100 100 3 1 0 0 0 0 0 3 5.8 1 0 2 7 3 45.9 77.8 3 139.4 30
49 85 108.8 100 3 1 0 1 0 0 0 1 6.5 1 0 3 6 3 20 72 3 140 20
3.9 6 100 100 1 1 0 0 0 0 0 2 12.9 1 37.5 3 5 2 54.2 40 1 52.5 30
61.5 35 105 95.8 3 1 0 0 0 0 1 1 9.3 1 49.8 3 8 2 58.2 76.8 3 20.8 0
10.4 6 100 104 1 1 0 0 0 0 0 3 4.1 1 5.8 2 6 1 44.9 81.4 1 14.8 0
23 80 106.3 102 2 1 0 0 0 0 0 2 15.9 1 0 2 6 3 37.3 59.5 1 36 66
23 39.5 100 90 2 0 1 0 0 0 0 2 4.8 0 1 2 7 3 56.2 90 2 23.5 90
21 50 94 98.8 3 0 1 0 0 0 0 1 12.3 0 12 2 5 2 79.2 83.8 2 35.7 0
5.8 10 105 102 2 1 0 1 0 0 0 5 11.3 1 2 1 7 1 40.4 68.5 2 17.4 60
4.1 -13.7 99.3 108.8 2 0 1 0 0 0 0 2 9.4 0 32.5 1 6 2 81.8 83.8 1 13.6 30
33.5 85 101.5 100 2 0 1 0 0 0 0 1 4 0 5 2 4 2 59.9 96.7 2 58 80
39.5 10 101 98 3 1 0 1 0 0 0 1 2.8 1 10 2 2 2 36.6 87.8 2 53.3 0
16.5 25 103.8 108 2 1 0 0 0 0 1 3 10.1 1 1 3 6 2 51 79.4 3 27 80
2.5 11.8 100 103.3 1 0 0 0 0 0 0 3 3.9 0 23.8 2 6 2 63 80.8 2 15.2 92
47.5 40 102 100 3 0 0 0 0 0 0 2 2 0 0 3 6 2 41.9 80.5 2 39.7 81
5.1 76.5 113.8 105 1 0 1 0 0 0 0 3 16.3 0 11.8 3 7 3 75 52.3 3 58.6 0
28.5 46.3 101 96.5 3 1 0 1 0 0 0 2 3.7 1 1 2 5 2 43.1 72.3 2 33.8 80
33.8 8.8 108.8 110 2 0 1 0 0 0 0 1 6.3 0 7.5 2 4 2 61.6 85.8 2 32.2 50
26.5 35 125 125 3 1 0 0 0 0 0 1 6.2 1 5 2 6 3 61 85.8 2 32.2 50
17.7 0 105 100 1 1 0 0 0 0 0 1 5.2 1 0 2 2 2 61.1 85.8 2 30.1 50
33 45 100 95 1 0 1 0 0 0 0 2 1 0 0 1 2 2 75.1 110 2 23.7 87
14.9 20 115 110 3 1 0 0 0 0 0 4 12.3 1 0 3 7 3 27.2 63.5 2 22 100
31.2 0 100.3 100 2 0 1 0 0 0 0 1 2.1 0 0 2 4 2 70.5 88.8 2 15.3 80
72.1 54 103.6 102.8 3 1 0 0 0 0 0 1 7.9 1 12.8 3 6 2 56.6 84.3 2 44.4 35
2 22 99 92 3 0 0 0 0 0 0 4 1.6 0 0 3 6 2 65.4 88.9 3 15.8 83
55 0 98 98 1 0 0 0 0 0 0 1 1 0 0 1 6 2 31.8 85.5 2 33.5 0
35.8 -3.5 100 100 2 0 0 0 0 0 0 2 12.4 0 0 2 7 2 45.9 94 2 19.8 0
45 0 105 100 3 0 1 0 0 0 0 2 2.1 0 0 2 6 2 21 77.3 2 31.7 80
20 71 115 85 3 1 0 0 0 0 0 2 6 1 15.3 2 6 2 26.9 57 3 32.6 0
20.2 0 101 100 2 1 0 0 0 0 0 1 2.1 1 0 1 2 1 29.2 81 2 11.8 70
12.6 12.1 102.1 101.7 2 0 1 0 0 0 0 3 3.1 0 0 1 6 3 65 80.2 2 23.8 55
61.3 26.3 105.5 93.3 2 1 0 0 0 0 0 2 13.1 1 17.3 2 6 2 42.3 81.5 3 32.8 20
22.9 7.3 100 100 2 0 1 0 0 0 0 2 1 0 11.5 2 6 2 39.7 75.5 2 14.3 60
25.3 0 104.3 106.5 2 1 0 0 0 0 1 1 1 0 0 2 1 2 63.7 48.5 2 12.6 100
20.4 20 100 100 3 1 0 1 0 0 0 2 10.1 1 2.5 2 6 2 66.9 80.8 1 22.8 50
39.3 0 100 100 2 0 1 0 0 0 0 1 3.7 0 0 2 6 2 37.7 100.5 2 39.6 90
4.5 20 101.5 97.5 1 0 1 0 0 0 0 3 1.3 0 5 1 6 2 55.1 84 3 82.5 80
37.3 39.5 101 99 3 1 0 0 0 0 0 3 3.2 1 13.3 3 6 2 59.8 78.3 2 30.6 60
2.4 10 107.5 100.8 2 0 1 0 0 0 0 4 1.5 0 1.8 2 5 2 28.4 77.2 2 20 90
56.8 2.5 99.3 101.8 2 1 0 0 0 0 0 1 1 1 4.3 2 3 3 34.4 89.5 3 19 75
2 -25 100 125 1 1 0 0 1 0 0 2 20 1 0 1 6 1 49.7 40 1 25 62
38.8 8.8 105 104.5 3 1 0 1 0 0 0 3 10.5 1 0 3 7 3 20 86.3 2 16.9 30
16.6 -10 105 112 1 0 1 0 0 0 0 2 14.7 0 0 2 7 2 20 64.8 1 18.2 30
75 85 110 110 3 1 0 0 0 0 1 1 25 1 7.5 3 5 3 86.3 63.5 2 25.8 0
39 -25 85 95 2 1 0 0 0 0 0 2 3.4 1 0 2 5 3 20 92.3 1 110.9 35
15.5 -13.2 89.8 102 1 0 1 0 0 0 0 1 6.6 0 2 1 5 1 40.8 103 2 27.5 0
33.6 50 100 93 3 1 0 1 0 0 0 2 6 1 0 3 6 3 36.7 98 3 37.9 20
10.3 50 100 87.5 2 1 0 0 0 0 0 3 3.8 1 4.8 2 6 2 34.2 59.3 1 81.8 10
30.4 26.3 100.8 99.8 3 0 1 0 0 0 0 2 1.3 0 0 3 7 2 58.7 93.3 3 10 80
51.8 40 100.9 102.3 3 1 0 0 0 0 0 2 10.2 1 1.4 2 7 2 39.8 76.3 1 24.7 75
13.3 23.8 112.8 105 3 1 0 0 0 0 0 4 9.4 1 9 3 7 3 47.8 68.8 2 21.3 60
24.8 35 110.5 100 3 1 0 0 0 0 0 2 10.4 1 9 3 6 2 53 80.8 2 27.8 60
18.9 28.8 104.5 105.3 3 1 0 0 0 0 0 3 9.4 1 7.5 3 7 3 48.9 78 2 20.7 60
4.3 -11.2 95 100 1 0 0 0 0 0 0 2 7.5 0 8.8 1 3 1 63.3 65.5 2 19.2 78
70.4 85 125 90 3 1 0 0 0 0 0 1 8.9 1 9 3 7 3 53.4 89.8 2 34.8 60
13.2 0 93.5 99.8 2 0 0 0 0 0 0 3 2 0 0 1 7 3 61.6 82.3 3 30.2 80
18.5 1 100 102 2 0 1 0 0 0 0 1 8.6 0 4.3 1 6 1 54.9 78.9 1 18.7 90
38.1 80 116.3 123.8 3 0 1 0 0 0 0 1 12.2 0 66.3 2 6 2 80 84.3 3 31.4 0
67.5 31.3 107 85 3 0 1 0 0 0 0 1 20.9 0 7.5 3 7 3 69.6 82.5 3 56.4 31
4 0 98.5 105 1 0 1 0 0 0 0 3 13.9 0 4.8 2 7 2 31.8 41.3 2 18.1 50
69.1 21.3 125 100 3 1 0 0 0 0 0 1 25 1 13.3 3 5 3 75.4 88.5 2 41.4 31
31.5 30 115 85 1 1 0 0 0 0 0 3 9.6 1 0 1 6 1 38.6 68 1 54.3 0
26.6 19 92.8 89 3 1 0 0 0 0 0 3 13.3 1 3.3 3 6 1 41.5 58.5 1 33.8 60
30.5 -15 108.3 109 1 0 0 0 0 0 0 2 20 0 70 2 7 2 60.5 75 2 24.3 0
13.8 12.5 100 105 1 0 1 0 0 0 0 1 17.1 0 68.3 2 6 2 55.2 65 1 21.2 0
6 10 105 100.8 2 0 1 0 0 0 0 2 2.6 0 2 1 4 2 41.4 77.7 2 18.9 90
36.3 85 100 96.8 3 0 1 0 0 0 0 2 9.7 0 47.6 3 7 3 60.8 80 2 23.1 0
58 38.8 103 100 3 1 0 0 0 0 0 1 7.7 1 68.8 3 7 3 46.6 60 2 20.8 0
48.5 10 97 95 3 1 0 0 0 0 0 1 9.1 0 36.5 3 7 3 64.3 80 2 24.7 0
12.8 0 95 105 1 0 1 0 0 0 0 1 25 0 10 1 5 2 59.3 60 1 22.9 0
34.3 0 85 85 3 0 1 0 0 0 0 2 10.5 0 25 3 6 3 61.8 73.8 2 23.7 0
19.3 62.5 99 102.8 3 1 0 1 0 0 0 2 7.6 1 0 2 7 3 58 83.8 1 24.5 67
18.8 10 105 100 2 1 0 0 0 0 0 4 24.4 1 7.5 2 8 2 65.3 70.3 2 33.6 5
24.6 1.8 96.8 95 3 1 0 0 0 0 0 2 6.9 0 3.9 2 8 2 60.6 58.8 2 43.7 0
50.5 7 97.3 100 3 1 0 0 0 0 0 1 12 1 0.8 2 7 2 60.1 60.5 2 18.1 0
36.7 -25 100 101.3 1 1 0 0 0 0 0 1 2.3 1 2 2 6 2 57.6 84.8 1 24.2 90
71.8 0 100 100 1 1 0 0 0 0 0 1 3.4 1 0 2 6 2 34.2 70.3 2 24.2 75
2.3 23.8 93.5 105 2 0 1 0 0 0 0 3 17.3 0 16.8 2 7 1 60.8 65.8 2 17.2 0
7.2 50.8 98.8 102 1 0 0 0 0 0 0 1 1.9 0 2 2 5 2 39.8 58.6 1 19 0
12.8 0 105 90 1 1 0 0 0 0 0 3 2.6 1 12.3 1 6 2 64.2 80.8 1 23.2 0
35.5 50 107.5 97 3 0 1 0 0 0 0 2 2.9 0 15 3 4 1 71.5 102.5 2 22.7 80
75 85 125 125 3 0 0 0 0 0 0 1 25 0 47.5 3 6 2 52.2 40 1 17.6 0
60.4 35 107 108.3 3 1 0 0 0 0 0 2 3.9 0 1.1 3 6 3 50.4 47.6 2 52.1 30
30.5 45 102 96.8 3 1 0 0 0 0 1 2 1.8 1 7.5 3 5 3 50.2 78 2 20.9 65
10.3 13.8 108.8 100 1 0 0 0 0 0 0 2 5 0 50 2 5 2 69.5 68.3 3 28.9 0
20 62.5 121.3 117.5 1 1 0 0 0 0 0 3 4.6 1 3.8 1 4 1 36.7 81.9 1 10 85
16 40.3 103.3 100 2 0 1 0 0 0 0 2 4.9 0 21.5 2 5 2 80.4 101.4 1 26 75
23 11.3 95 90 1 0 1 0 0 0 0 1 19.7 0 43.8 2 6 2 44 60 2 29.5 50
24.4 28.8 100 100 2 0 1 0 0 0 0 2 5.8 0 0 3 6 3 35.1 66.3 3 18.4 60
50 23.8 100 100 3 1 0 0 0 0 0 3 18 1 3.3 2 6 2 55.4 73.5 2 24 60
11.6 0 90 85 3 0 0 0 0 0 0 1 20.4 0 7.5 3 6 1 58.2 53.3 2 38.3 0
17.9 50 100 100 3 1 0 0 0 0 0 1 9.6 1 0 3 6 2 53.4 83.3 2 29.3 50
6.7 -11.2 97.5 100.8 1 0 1 0 0 0 0 3 7.8 0 0 2 7 1 58.7 43.3 2 29.7 0
14 43.8 125 125 2 0 0 0 0 0 0 1 25 0 5 2 8 2 38.7 80 1 16.6 0
40.8 0 100 100 1 0 1 0 0 0 0 1 3.8 0 2.5 1 2 2 40.2 61.3 1 21.5 0
67 9.3 100 100 1 0 1 0 0 0 0 1 3.9 0 19 1 3 2 39.8 61.3 1 23.9 0
6.8 10 105 120 1 0 0 0 0 0 0 2 7 0 0 1 5 2 51.5 56.8 1 19.6 0
6.8 -3.7 105 110 2 0 0 0 0 0 0 2 6.9 0 62.5 2 5 2 51.8 54.5 2 19.6 0
9 -3.7 100 100 1 1 0 0 0 0 0 2 6.6 1 1.1 1 5 1 51.3 52.5 2 22.7 30
41.9 32.5 105 100 3 0 0 0 0 0 0 1 2.8 0 0 3 6 3 65 40 2 11.2 10
1.6 0 108.8 100 1 1 0 0 0 0 0 3 10.3 1 0 3 6 2 34 83.5 3 15.3 0
2.4 13.8 100.3 105 2 0 0 0 0 0 0 4 2.6 0 0 3 6 2 74.7 80.3 2 35.8 0
10 0 105 100 2 0 0 0 0 0 0 2 2.9 0 0 2 6 2 63.2 40 2 10.5 25
57.8 -12.5 96.3 100 1 0 0 0 0 0 0 4 2.8 0 7.5 1 6 3 71.9 40 2 10 100
20.3 72 105 102.5 2 1 0 0 0 0 0 1 7.8 1 4 2 2 2 41.5 57.3 2 36.6 0
8.3 0 105 100 2 0 1 0 0 0 0 2 4.6 0 0 2 6 1 29.5 75.5 2 97.4 55
22.3 15 100.5 110 3 1 0 0 0 0 0 4 7.5 1 1.8 2 6 3 40.5 91.5 3 18.7 95
44.3 -1 100 104.3 1 1 0 0 0 0 0 1 8.1 1 5.8 2 6 2 38.7 81 2 28.9 80
23.8 85 115 120 1 0 0 0 0 0 0 4 13.4 0 56.3 1 3 2 78.6 40 3 41.1 0
28.5 0 101.5 109.8 3 1 0 0 0 0 0 2 3.8 1 11.4 2 7 2 62.7 72.8 1 20.8 70
16.2 84.2 103.5 116.5 2 0 1 0 0 0 0 1 4.2 0 0 2 7 2 62.7 81.5 1 23.3 70
75 26 98 102 1 0 1 0 0 0 0 1 3.5 0 3.8 3 6 2 42.2 90.8 2 14.5 0
38.5 46.3 104.3 100 1 1 0 0 0 0 1 2 6.8 1 0 2 6 2 42.4 81.3 2 14.3 62
11 6.3 106.3 102.5 1 0 1 0 0 0 0 2 18.9 0 0 2 6 2 42.1 70 2 19.7 80
8.8 15.5 101.9 102 1 0 0 0 0 0 0 3 5.1 0 4.1 2 6 1 57.5 55.4 1 18.1 68
68.3 30.5 102 100 2 0 1 0 0 0 0 1 5.3 0 0.8 2 6 2 20 95.8 2 16 90
63.1 85 107.5 92.5 3 0 0 0 0 0 0 1 1.7 0 5 3 6 3 68.8 94 2 80.8 0
30.8 30 105 110 3 1 0 1 0 0 1 4 7.4 1 5 3 7 2 34.7 45.9 2 24.6 36
8.2 -3.7 110 106.3 2 0 1 0 0 0 0 3 12 0 0 2 4 2 48.5 75.3 2 23.2 20
23.5 0 100 100 3 0 1 0 0 0 0 3 6.4 0 0 2 6 2 56.8 95 2 10.9 75
49.5 66.3 125 100 3 0 1 0 0 0 0 3 8 0 1 3 6 3 57.3 95 2 19.2 75
5.3 37.5 100 100 1 0 0 0 0 0 0 3 8.2 0 0 1 4 2 56 95 2 11.6 80
11.9 8.8 110.8 114.3 1 0 1 0 0 0 0 3 9.6 0 1.8 2 6 2 69.9 64.1 2 20 0
54 50 114.3 100 3 0 1 0 0 0 0 1 6.4 0 0 2 4 1 59.5 74.8 1 52 80
31.3 12.5 103 110 1 0 1 0 0 0 0 1 8.3 0 0 1 5 2 31.5 40 2 22.5 55
40 3.3 100 110 2 0 0 0 0 0 0 1 2.8 0 0 2 6 2 54.3 74.8 2 20.1 0
24.8 -7.5 100 100 1 0 0 0 0 0 0 1 6.3 0 0 2 5 2 54.5 59.9 2 16.1 80
20.9 30 105 95 3 1 0 0 0 0 0 4 11.9 1 17.8 3 7 2 51.1 93.3 2 45.2 0
18 85 106.3 110 3 0 1 0 0 0 0 3 1.7 0 0 3 5 3 26.8 89 2 16.7 0
7.3 6.5 100 105.5 3 1 0 1 0 0 0 2 2.8 1 2 3 6 2 46.4 76 2 21 77
26.1 15 107.5 110 2 1 0 0 1 0 0 2 8.7 1 0 2 6 2 28.8 77 2 47.1 100
25 10 102.8 104.5 1 0 1 0 0 0 0 1 5 0 4.3 2 3 2 76.8 56.5 2 23.5 55
24.8 66 118.5 113.5 3 1 0 0 0 0 0 3 10.4 1 12.5 1 7 3 33.1 76.6 1 30.4 0
38.3 50 105 100 2 1 0 0 0 0 0 2 11.1 1 5 2 6 2 32.8 72.8 2 23.9 70
38.5 37.5 105 104 1 0 1 0 0 0 0 2 12.8 0 11.9 1 7 2 61.4 82.7 2 55.7 61
17.6 33.8 102.8 110 3 0 0 0 0 0 0 2 13.8 0 11.9 2 7 1 54 84.6 2 38.6 67
9.1 15 108 110 1 0 0 0 0 0 0 2 20.2 0 11.9 1 7 1 62.4 59 1 40.3 48
32.8 1.3 100 95.5 1 0 1 0 0 0 0 2 1.1 0 3.5 1 4 2 78 69.5 2 26.8 50
6.1 11.8 110 100 1 1 0 0 0 0 0 2 7.9 1 4.4 1 6 2 39.2 40.5 1 28.8 0
20.7 0 100 100 2 1 0 0 0 0 0 1 1.2 0 20 2 1 2 36.7 92.5 3 55.7 0
8.7 62.5 113 113.3 2 1 0 1 0 0 0 4 6.9 1 23 2 6 3 54.3 74.1 2 41 40
6.6 6.3 99.5 102 3 0 0 0 0 0 0 4 13.8 0 4.8 2 7 2 68.1 52.6 2 13.6 72
8 0 100 98 2 0 1 0 0 0 0 2 4.6 0 0 2 6 1 30.1 75.5 2 103.5 55
55.3 50 104.3 100.5 3 1 0 0 0 0 0 1 9.3 1 0 2 7 3 70.2 78.5 2 45.1 43
32.3 50 104 102.8 2 0 1 0 0 0 0 1 4.6 0 0 2 7 1 70.6 73.8 1 26.3 43
4.4 0 90 100 2 1 0 0 0 0 0 3 3.6 1 0 2 7 2 52.4 110 1 21.5 85
4.5 0 103.8 100 2 1 0 1 0 0 0 5 10.5 1 3.9 1 7 1 58.4 76 2 36.6 70
6.1 0 100 103 1 0 1 0 0 0 0 4 3 0 0 2 6 2 32.2 79 2 18.2 90
1 -20 100 100 2 0 0 0 0 0 0 5 1.2 0 0 2 6 2 59.8 74.3 1 20.6 95
9.5 3 100 100 2 0 1 0 0 0 0 3 1 0 5.5 3 5 1 21.3 93 1 55.1 90
50.5 85 125 115 3 1 0 0 1 0 0 1 6.6 1 0 3 7 3 83.6 80 3 10 10
3.1 20 110 100 1 0 0 0 0 0 0 3 17.9 0 0 1 7 2 65.3 63.5 2 54.9 28
1.2 5.8 100 100 1 0 1 0 0 0 0 3 14.2 0 0 1 7 2 38.9 79.8 2 25.5 6
52.7 0 100 100 2 0 1 0 0 0 0 1 1.5 0 0 2 4 2 56.8 81.3 2 22.3 0
32.8 58.8 85 90 1 0 0 0 0 0 0 1 1 0 0 1 5 1 71.2 89.5 2 28.6 0
10.6 5 100 111.3 1 0 1 0 0 0 0 3 5 0 19.3 2 6 2 63.2 92.5 1 18.2 60
18.1 72.5 100 100 3 0 0 0 0 0 0 2 2.3 0 0 3 4 3 68.5 40 2 19.6 86
60 30 102 107.5 2 1 0 1 0 0 0 2 6.7 1 0 3 7 2 49.7 84 3 38.6 80
23.4 47.5 107 100 2 0 1 0 0 0 0 3 24.3 0 5 2 7 2 85.7 87 2 25.8 80
9.3 9 103 100 2 1 0 0 1 0 0 3 15.3 1 8.8 2 7 2 70 65.3 2 24.3 20
19.4 -8.7 110.3 115 1 1 0 1 0 0 0 2 11.3 1 0.8 2 6 2 77.5 52.5 2 12.9 0
29.4 34.5 101.3 97.3 2 1 0 0 0 0 0 2 7.7 1 7.3 2 6 2 29 78.3 1 30.4 83
5.3 0 100 100 2 0 1 0 0 0 0 3 1 0 0 2 2 2 80.2 83 2 140 0
75 72.5 103.5 92.5 3 1 0 1 0 0 0 1 10.3 1 2 3 6 3 66 83.7 3 25.3 0
30.2 29.8 104.8 100 3 0 0 0 0 0 0 2 13.5 0 5 3 7 2 43.4 66.9 1 67 54
42.5 65.5 108.3 87.3 3 1 0 0 0 0 0 3 7.9 1 10.5 1 7 3 57.3 85 3 30.3 60
49 73.5 117.8 105.8 2 1 0 0 0 0 0 1 9.4 1 12.5 3 7 3 41.9 43.3 2 26.8 39
20.5 0 100 100 2 0 0 0 0 0 0 2 1.7 0 0 1 6 2 50 71.8 2 140 0
10.5 -10 107.5 117.5 2 1 0 0 0 0 0 4 24.3 1 12.5 2 6 2 55.6 81.5 2 36.1 100
5.4 -10 107.5 117.5 1 1 0 0 0 0 0 4 24.3 1 12.5 2 6 2 55.6 81.5 2 36.1 100
32 70 103 100 3 1 0 0 0 0 1 1 12.3 1 0 2 6 2 70.5 69.5 2 12.7 90
25 53.8 115 115 2 1 0 0 0 0 0 5 15.8 1 7.5 2 6 2 70.5 52.3 2 21.6 90
9 75 110 100 3 0 0 0 0 0 0 4 12.6 0 6.8 3 7 1 56.1 67.3 2 29.6 65
16.3 77.5 110 100 2 0 0 0 0 0 0 2 11 0 46 2 5 3 55.5 74.8 2 28.1 65
43.3 48.3 123.8 100 3 1 0 0 0 0 0 3 18 1 0 2 8 3 66.1 65 2 65 10
53.8 75 100 100 2 1 0 0 0 0 0 1 3.3 1 0 2 4 2 58.9 65.5 1 26.8 81
1.8 0 100 103 2 0 0 0 0 0 0 2 5 0 0 1 3 2 51.8 40 3 16.4 50
5.3 -1 100 100 1 0 0 0 0 0 0 2 5.2 0 0 1 7 3 27.7 80.3 1 16.1 70
15.1 17.5 113.8 118.8 3 1 0 0 0 0 0 4 4.7 1 3.8 3 6 1 20 78.8 2 15 85
1 26 100 125 1 0 1 0 0 0 0 3 1.2 0 0 1 5 1 55.2 95 1 42 0
35 25 100 100 2 0 0 0 0 0 0 1 14.4 0 0 1 4 3 69.6 87.5 2 78.4 40
13.8 31.3 104 103.8 1 1 0 0 0 0 0 2 3.3 1 0 2 4 2 46.5 86 2 26.3 0
31.7 56.5 107.1 100 2 1 0 0 0 0 0 4 6.5 1 8.7 2 7 2 32.3 63.3 2 36.6 55
27.6 7.5 105 106.3 2 0 1 0 0 0 0 1 2.4 0 0 3 5 2 46.1 62.5 2 22 75
11.8 49.5 91.5 113.8 3 1 0 0 1 0 0 3 11.9 1 26.5 2 6 2 76.2 62.3 2 22.9 80
34.3 2.5 112 112.5 3 1 0 0 0 0 0 1 11.3 1 5.5 2 7 2 45.8 53.1 1 42.3 0
30 15 100 86.8 2 0 1 0 0 0 0 4 4.2 0 9 2 6 2 51.9 92.8 2 29.6 77
41 34 103.5 100 1 1 0 1 0 0 0 1 3.5 1 0 2 6 2 35.7 88 1 23.3 84
52 10 100 104.5 2 1 0 0 0 0 0 1 1.8 1 0 2 4 2 34.3 61.3 2 18.2 90
24.8 51.3 111 110 3 1 0 0 0 0 0 3 13.9 1 0 2 7 1 49.2 52 1 101.4 90
12.8 16.3 100.8 102 3 1 0 0 0 0 0 2 12.2 1 4.5 2 8 2 35.8 74 2 19.1 0
20.3 -15 102.5 102.5 3 1 0 0 0 0 0 2 5.2 1 0 3 6 2 61.2 103.8 2 29.5 50
4.1 15 109.8 107.5 3 0 0 0 0 0 0 4 6.5 0 0 3 7 2 59.7 80.4 1 32.8 65
26.8 4.8 107 97.5 3 1 0 0 0 0 0 2 1.9 1 3.5 3 6 2 29.9 80.3 2 28 60
55.3 26.3 100 100 3 0 1 0 0 0 0 2 2.6 0 0 3 6 3 43.4 66.8 2 31.2 80
29 25 100.8 105 3 0 1 0 0 0 0 2 2.6 0 0 3 6 3 49.4 71 2 18 40
24.8 14.5 102.5 102.5 1 0 1 0 0 0 0 1 2.3 0 3 2 3 1 56.7 72.8 2 32.4 80
23.3 15 100 100 3 1 0 1 0 0 0 2 3.3 1 0 2 6 2 44.6 75.8 2 37.8 85
27.5 47.5 104.5 85 2 0 1 0 0 0 0 3 10.9 0 7.3 2 4 2 53.4 76 3 25.4 60
6.2 10 100 100 1 0 1 0 0 0 0 3 7.6 0 0 1 6 3 45.8 99.1 2 38.9 65
18.8 -25 100 85 1 1 0 0 0 0 0 1 25 1 0 2 7 2 64.3 46.8 2 32.1 40
37.5 -25 100 100 2 0 1 0 0 0 0 1 4.8 0 0 2 2 2 38.1 89 2 99.7 75
39.8 18.5 107 102 3 1 0 1 0 0 0 2 14.1 1 11 2 7 2 53.7 70.8 2 22.9 40
8.4 25 104.5 100 2 0 1 0 0 0 0 4 8.1 0 6 1 7 2 45.2 81 2 36 66
15.3 0 100 112 2 1 0 0 0 0 0 2 1.8 1 0 2 6 2 43.9 84.5 2 30.3 90
20 35 101.3 102 2 1 0 0 0 0 0 3 10.1 1 0 3 7 1 63 72.5 2 39.4 43
6.3 42.5 100 100 1 0 0 0 0 0 0 2 10.5 0 0 1 3 2 62.8 80 2 31.8 43
19.8 -1.5 100 101.5 2 1 0 1 0 0 0 1 6.5 1 0 2 6 2 58.6 92 1 38.1 0
18.2 2.5 100 109.5 1 0 0 0 0 0 0 1 1.7 0 0 2 2 1 26.8 81.3 1 22.6 0
6.5 80 107.5 85 1 0 0 0 0 0 0 2 10 0 3.8 2 2 2 78.2 67 1 19.2 60
30.3 50 103.3 100 3 1 0 0 0 0 0 2 6.6 1 0 2 6 2 51.1 68 2 28.1 68
26.5 36.5 105 103.3 3 1 0 0 0 0 0 3 15.3 1 15 3 7 3 79 55 2 24.8 0
29.2 42 103.8 105 2 1 0 1 0 0 1 2 18.8 1 5 2 7 1 44.6 82 2 22.4 60
20 42.3 103.5 97.8 3 1 0 0 0 0 0 4 11 1 21.3 2 6 2 55.2 85 1 26.3 73
53.9 0 100 85 3 1 0 0 0 0 0 1 1 1 27.3 2 2 2 42.1 77.3 1 13.1 70
72.8 20 105 100 3 1 0 0 0 0 0 4 8.5 1 0 3 6 2 56.6 82.5 2 48.5 38
75 60 105 100 3 1 0 0 0 0 0 4 6.4 1 0 3 6 3 56.6 82.5 2 51.1 38
13.3 -2.5 106 104.5 1 1 0 1 0 0 0 3 15.4 1 3.4 2 6 2 26.7 55.5 2 49.7 50
36 57 106.8 109 2 1 0 0 0 0 0 2 25 1 0 1 7 3 27 53.8 2 13.1 35
17 20 102 100 3 1 0 0 0 0 0 3 9.4 1 0 3 7 1 71 77.3 2 56.9 43
31.9 40 110.8 125 1 1 0 0 1 0 0 1 11.4 1 0 1 4 2 42.9 75.3 2 28.6 50
18.8 41.3 103.8 100 1 1 0 0 0 0 1 3 18.2 0 6.5 2 4 2 71.6 77.7 2 17.8 90
13 15.3 112.3 105.3 2 0 1 0 0 0 0 4 11.9 0 7.9 1 8 2 53.3 57.8 1 17.2 30
18.4 3.8 101 112 2 1 0 0 0 0 0 2 6.3 1 10 2 6 2 50.6 66.8 1 59.6 54
24.7 10 102.5 101.8 3 0 1 0 0 0 0 4 10.4 0 4.6 3 7 1 61.8 73 3 34.7 55
30.3 22.3 112.3 88.5 3 0 1 0 0 0 0 5 10.4 0 3.5 3 6 2 65.5 60.5 3 26.9 0
20.4 60 100 95 2 0 0 0 0 0 0 2 6.4 0 0 2 7 2 82.6 82 2 29.9 70
46.3 9.3 85 97.3 3 1 0 0 0 0 0 1 25 0 12.3 1 7 2 27 62.5 2 130.2 30
59 10.8 101.5 92 3 1 0 0 0 0 0 1 5.9 1 8.5 2 5 3 48.6 51.8 2 140 30
50.8 16.3 105.3 90 3 1 0 1 0 0 0 1 8.5 1 1.3 3 6 3 47.1 70.5 3 60.6 20
53.5 0 95 100 2 1 0 0 0 0 0 1 1.6 1 0 2 6 3 46.3 83.8 2 70.6 60
37.2 -2.2 103.8 100 2 1 0 0 0 0 0 3 9.5 1 0 3 7 2 37.8 79 2 23.3 50
14.5 10 103 115 3 1 0 1 0 0 0 3 1.3 1 0.3 3 6 2 42.8 84.6 2 24.6 69
16.8 15.3 103.5 100 3 1 0 0 0 0 0 4 11.5 1 15 3 6 2 49.6 64.3 2 41.5 55
16 5 100 100 1 0 1 0 0 0 0 2 10 0 0 2 6 2 50.8 68.5 1 33.8 50
22.3 15 108 108 3 1 0 0 0 0 0 3 6.4 1 3.5 3 7 3 43.3 84 2 39.1 63
27.9 60 111 108 1 0 0 0 0 0 0 3 2.2 0 0 1 4 3 53 80.8 3 55.3 78
18.2 70 114.3 110 1 0 0 0 0 0 0 3 2.5 0 7.5 1 4 3 54.6 93.8 2 37.1 78
26 17.5 103.8 102.5 2 0 1 0 0 0 0 1 16 0 8.8 2 7 2 44.9 62 3 17.9 60
21.7 10.8 103.8 100 2 0 1 0 0 0 0 2 21.2 0 10 2 7 1 44.6 66.8 3 19.3 60
24.9 40 103.8 105 3 1 0 0 0 0 1 2 15.7 0 13.8 2 7 2 44.6 76.3 3 16.2 60
15.8 30 109.3 110.3 3 0 1 0 0 0 0 4 10.6 0 1 3 6 2 50.7 40 2 34 50
26.8 26.3 103 105 2 1 0 0 0 0 0 1 3.5 1 0 3 4 1 72.6 96.3 2 34.8 40
64.3 53.8 105 100 2 1 0 1 0 0 0 1 9.6 1 0 2 6 3 47.9 70.5 2 44.3 50
75 67 105 105.5 3 1 0 0 0 0 0 1 2.2 1 0 3 6 2 41.5 102.4 2 14.1 80
22.3 35 120 115 2 0 0 0 0 0 0 1 8.1 0 7.5 1 6 2 37.5 55.5 1 35.9 0
50 56.3 105 105 3 1 0 1 0 0 1 2 9.9 1 0 2 6 3 47 51.8 2 32.2 50
18.8 52 125 125 2 1 0 0 0 0 0 1 13.3 0 15 1 4 3 66.8 77.5 3 20.5 0
10.3 -5 100 100 1 0 1 0 0 0 0 3 9.5 0 0 2 7 2 50.5 66 2 32 50
17.4 0 100 100 2 1 0 0 0 0 0 2 3.7 1 0 2 6 2 33.3 87.5 1 27.5 90
50.3 56.3 105 88.8 2 1 0 0 0 0 0 2 9.4 1 52.5 3 3 3 38 71.8 2 35.6 50
19.5 4 105.3 109.5 3 1 0 1 0 0 0 2 6.1 1 0 3 7 1 20 48 1 140 10
22.3 20 100 110 1 1 0 0 0 0 1 1 6.4 1 5 2 6 2 49.8 66.3 1 32.4 60
18 40 125 125 3 0 1 0 0 0 0 2 8.4 0 0 2 5 2 50.4 49.3 2 38.1 50
22 5 115 110 3 0 1 0 0 0 0 3 6.8 0 0 2 6 3 50.5 44 2 39 50
11.5 30 100 100 1 0 1 0 0 0 0 2 10.6 0 45 2 7 1 20 43.8 2 21.7 0
4.2 0 108.5 104.5 2 0 1 0 0 0 0 4 4.3 0 0 2 8 2 52.9 86.5 2 33.7 70
4.5 48 107.8 105 1 0 0 0 0 0 0 1 4.3 0 0 2 5 1 48.3 90 2 22.2 0
10.2 28.8 110 100 1 1 0 0 0 0 0 2 25 1 10.8 1 7 2 68.3 86.3 1 35 31
9.5 -3.5 100 102 2 0 1 0 0 0 0 2 10.6 0 0.5 1 7 1 51.6 42.5 2 27.6 80
75 75 103 111.3 3 1 0 1 0 0 0 1 3.5 1 0 2 6 2 58.9 72.8 2 10 85
6.3 28.3 102.5 100 2 1 0 0 1 0 0 3 12.9 1 2 2 7 2 47.2 51 2 49.2 20
32.8 26 100.8 100 2 1 0 0 1 0 0 3 14.3 1 0 2 7 2 47.8 58.8 3 34.9 30
44.5 32.5 107.8 100.5 3 1 0 0 0 0 0 2 10.4 1 0.6 3 5 2 48 76.3 1 28.1 0
11.5 28 101.8 100.5 1 1 0 0 0 0 0 3 9 1 2.1 2 6 2 42.9 82.3 2 29.1 69
3.3 69 116.3 125 3 1 0 0 0 0 0 4 2.9 1 0 1 7 1 50.2 83 1 66.7 42
26 24.8 105 100 3 1 0 1 0 0 0 2 9.9 1 0 2 6 3 50.3 56.8 2 43.9 50
11.1 -8.5 98.5 108 1 0 0 0 0 0 0 2 17 0 0.9 2 6 1 68.6 104 1 40 0
2.1 40 103 102.3 3 0 1 0 0 0 0 5 7.8 0 20 3 6 3 31 77 2 13.9 0
18.2 -3.2 93.8 100 2 0 1 0 0 0 0 2 5.9 0 4.5 3 6 3 41.2 67.3 1 13.4 80
29.8 20 100 95 3 1 0 0 0 0 0 2 10.7 1 5 2 6 2 40.7 70 3 32.6 65
47.5 0 114.5 100 1 1 0 0 0 0 0 5 25 1 3.8 2 8 2 63.3 40 2 25.6 42
25.5 4.3 95 110 1 1 0 0 0 0 0 1 9.8 1 1.5 1 7 1 50.5 81 2 38.8 50
33 27.3 100 100 3 0 1 0 0 0 0 2 2.1 0 0 3 6 2 81.2 88.5 2 31.6 75
8.8 0 101.3 105 1 0 1 0 0 0 0 4 1 0 0 2 6 2 33.9 88.3 1 10 80
35 47.5 104.3 98.8 1 1 0 0 0 0 0 1 3.8 1 0 2 2 2 42.8 83.5 2 23.2 0
26.8 27.5 100.5 91 1 0 1 0 0 0 0 2 6.6 0 0.8 1 8 2 46.7 90.2 2 43.4 73
15.5 15.5 85 106.3 1 1 0 0 0 0 0 1 5.9 1 7.8 2 7 2 82.1 64 1 21.6 0
24.3 45 105.8 106.3 1 1 0 0 0 0 0 1 5.8 0 10 2 7 2 82.4 79.3 2 24.6 0
10.2 46.3 108.8 100 1 1 0 1 0 0 0 2 10 1 0.3 1 6 3 41.3 55 1 15.9 55
20.4 2.5 100.3 100 3 1 0 0 0 0 1 1 2.8 1 6 2 6 3 58 79 2 132.6 5
27.9 -15 109.4 98.5 2 1 0 1 0 0 0 3 6 1 7.9 1 6 2 45.7 100 1 40.8 60
10.2 20 100.5 100.8 2 1 0 1 0 0 0 4 6.5 1 1.5 2 7 2 59.9 87 3 27.2 70
11.3 53.8 117.5 109.3 3 0 0 0 0 0 0 4 25 0 70 1 5 2 88 48.9 2 68.2 0
12.4 -3 100 110 2 0 1 0 0 0 0 2 2.6 0 11.8 2 6 2 52.9 80.5 1 31.7 52
20 75 105 100 3 0 1 0 0 0 0 4 1 0 0 2 6 2 64.6 74.4 3 21 71
17.5 14.5 103.5 96.8 2 1 0 0 0 0 0 2 3.5 1 3 2 6 2 41.9 87.5 1 22.5 50
10.4 -8.7 106.8 107.5 2 1 0 0 0 0 0 1 4.9 1 0 2 1 1 36 87.5 1 20.8 75
58.8 75 100 98.3 2 0 1 0 0 0 0 1 4.8 0 0 2 2 2 44.2 90 1 49.1 65
22.2 26 108 108 3 1 0 0 0 0 0 2 11.1 1 0 3 5 1 25.4 77.3 1 34.8 64
25.8 -7.5 101.3 104 1 1 0 0 0 0 0 1 17.8 1 5 2 6 1 20 42.5 2 38.2 0
37.5 8.8 103.5 103.8 2 0 1 0 0 0 0 1 9.7 0 0 2 6 2 53.2 88.5 2 10 0
58.6 60 110.5 102 2 1 0 0 0 0 1 2 11.2 0 18.5 3 7 3 56.2 77.8 2 36.9 0
24.8 61.8 102.3 97.3 2 0 1 0 0 0 0 2 4.5 0 0 2 6 2 65 87.5 1 16.8 54
11.4 0 110.8 102.5 2 1 0 0 0 0 1 3 18.6 1 3 2 7 2 64.4 81.1 2 14.3 80
16.5 8.8 98.5 103.8 2 0 1 0 0 0 0 3 15.2 0 6.4 2 6 1 73 72.3 2 38.1 70
1 0 100 99 1 0 0 0 0 0 0 4 4.7 0 0 2 7 2 70.1 77 2 16.7 20
12.8 0 106.3 115 2 1 0 1 0 0 0 1 7.9 1 0 2 3 2 40.3 78.5 2 35.2 0
9.1 0 100 100 2 0 1 0 0 0 0 3 1.2 0 7 3 5 1 54.2 93.6 1 48.9 90
17.3 -25 103.8 100 2 1 0 0 0 0 1 1 9.2 1 0 1 6 2 22.6 69.3 2 16.6 0
20.6 15.5 102 103.5 3 1 0 0 0 0 0 3 3 1 0.8 3 7 3 61.1 69.5 3 15.1 95
12.8 79.3 125 125 2 0 0 0 0 0 0 1 25 0 65 2 4 2 88 41.1 2 138.2 0
9.1 28.8 106.3 100 3 1 0 0 0 0 1 5 25 1 10.4 2 8 2 24.6 85 2 47.3 0
18.7 6.8 99 101.8 2 1 0 0 0 0 0 1 11.6 1 3 2 4 2 58.6 54.5 2 57.7 0
37 31 103.3 100 2 1 0 0 0 0 0 2 8.6 1 4.5 2 6 2 59 65.7 2 76.9 0
4.3 -25 108.8 108 2 1 0 0 0 0 0 2 14.2 1 0 1 6 1 56.4 82.5 2 46.5 38
14.5 -25 110 108 3 1 0 0 0 0 0 1 8.9 1 0 2 6 1 56 82.5 2 47.6 38
21.7 0 100 100 2 0 1 0 0 0 0 2 4.6 0 0.8 2 6 2 51.8 72.8 1 27.3 75
15.8 26.3 101.3 102 1 0 0 0 0 0 0 2 8.8 0 13.8 2 6 2 67.1 40 1 57.6 40
8.4 16 102.5 103 1 0 0 0 0 0 0 3 10.6 0 3.1 1 6 2 48 87.3 1 33.9 0
9.2 38.3 104 100 2 0 1 0 0 0 0 3 9.1 0 3 2 6 2 64.6 77.5 2 37.7 57
16.8 10 92.3 106.3 2 1 0 0 0 0 0 1 5.9 1 6 2 7 2 82.3 56.3 1 23.4 0
22 0 100 110 2 0 1 0 0 0 0 2 2 0 0 2 6 3 38.9 58 1 11.4 86
2.4 7 101 100 1 0 1 0 0 0 0 4 8.5 0 0 1 7 2 49.2 92.8 2 25.4 30
8 10 100 100 1 1 0 0 1 0 0 2 4.8 1 5 2 3 2 54.4 76.3 1 24.8 60
6.9 0 100 114 2 0 1 0 0 0 0 2 2.2 0 0 2 5 2 34 88 1 10 80
12.6 13.8 100 114 1 0 1 0 0 0 0 3 1.6 0 0 2 6 2 34 88 1 38.5 80
10.6 -5 106.3 104.5 2 1 0 0 0 0 0 3 6.8 1 0.8 3 6 2 54.4 94 3 27.9 67
7.9 -5 103 100 2 1 0 0 1 0 0 2 6.9 1 2 2 5 2 53.5 104.1 1 17.7 60
13.3 10 111.8 122.5 2 1 0 0 0 0 0 2 19.9 1 0 2 7 2 54.2 40.5 1 29.3 0
8.5 10 112 108 2 0 1 0 0 0 0 4 11.2 0 0 3 7 3 47.7 70.8 1 17.8 25
9.6 20 102 103 3 1 0 0 0 0 0 2 6.5 0 46.3 2 4 3 65.4 76.8 1 23.4 60
38.3 -6.2 100 97.5 3 1 0 0 0 0 0 3 13.2 1 0 3 4 3 71.5 88.9 2 50.4 0
38.9 25 102.5 88.3 3 1 0 1 0 0 0 3 4.4 1 2 3 6 2 40.2 82 2 38.5 75
16.5 0 100 106.3 1 0 0 0 0 0 0 1 1 0 0 1 1 1 71.9 90 2 140 75
32.2 51 107.3 98 3 0 0 0 0 0 0 3 5.3 0 4.8 3 6 3 53.2 92.8 3 32.6 0
21.5 40 108.8 110 1 0 0 0 0 0 0 3 24.8 0 10 1 6 3 62.7 86.3 2 33 55
18.9 50.5 102 97.8 2 1 0 0 0 0 0 2 4.3 1 27.5 2 2 2 46.2 66.3 1 43.2 42
16 -16.2 100 100 2 0 1 0 0 0 0 2 3.4 0 0 2 2 2 54.1 61.3 1 10 0
14 -17.5 100 100 3 0 0 0 0 0 0 4 4.9 0 11.3 3 5 2 71.2 81.5 2 17.4 74
13 20 100 97.8 1 0 0 0 0 0 0 2 3.3 0 5.8 1 7 2 61.5 82.5 1 56.2 80
11.3 13 100 100 2 0 0 0 0 0 0 2 2.9 0 0 3 6 2 41.1 60.5 2 39.2 70
31.5 -25 93.8 100 1 0 1 0 0 0 0 2 1 0 9 2 6 2 37.1 67.3 1 66.4 70
56.5 15.8 101.3 85 3 1 0 1 0 0 0 1 2.2 1 0 2 6 1 66.7 75.8 3 91.9 0
6.2 25 113.8 103 1 0 1 0 0 0 0 3 3.7 0 0 2 6 2 41.5 68.3 2 22.5 80
73.2 8.8 100 107 3 1 0 1 0 0 1 1 1 1 0.4 2 1 2 53.6 89.3 1 51.4 0
11.9 26 101.5 100 1 1 0 0 0 0 0 4 2.3 1 0 1 6 2 48.8 93.4 1 27.1 80
9.2 40 101.8 95 1 0 1 0 0 0 0 2 1.5 0 33.8 2 3 3 38.5 83.5 2 20.4 0
17.3 0 100 94 2 0 0 0 0 0 0 2 2.4 0 0 2 6 2 66.4 97.1 2 82.8 0
35.3 7 100 92.5 3 1 0 1 0 0 0 1 1.2 1 1.3 2 4 2 62.7 66.8 2 113.2 50
3.5 15 100 102.5 3 0 0 0 0 0 0 4 3.1 0 1.3 3 6 2 25.7 72.5 2 17.4 0
33.5 15 100.8 98.8 2 0 0 0 0 0 0 3 1 0 5 2 3 1 27.4 68.3 2 23.1 0
75 0 101.3 98.8 2 1 0 0 0 0 0 1 1.1 1 0 2 2 3 32.6 77.8 2 36.4 92
44.3 7.5 105 100 3 1 0 0 0 0 0 3 2.5 1 1.8 3 6 3 33.7 77.8 1 51.4 92
31 85 107.5 85.8 3 0 0 0 0 0 0 2 5.1 0 0 3 6 1 60.8 87 2 14.7 55
7.9 0 100 103 1 0 1 0 0 0 0 4 2.8 0 0 2 6 2 29.9 81.1 2 18.4 90
4.9 -18.7 100 107 2 1 0 0 0 0 1 1 3.6 1 0 2 1 2 54.4 85.3 1 52.7 0
15.1 19.2 100 99 2 1 0 0 0 0 0 4 6 1 9 3 7 2 33 73.5 1 22.7 58
4.2 0 108.5 104.5 2 0 1 0 0 0 0 4 5.1 0 0 2 8 1 55.3 86.5 2 25.4 70
42.3 20 103.3 103 3 1 0 0 0 0 0 2 4.9 1 0 3 7 3 51.1 72.3 2 51.3 10
71.3 65.8 112.5 103 3 1 0 0 0 0 0 1 21.4 1 0 3 7 3 56.3 82.5 3 14.6 0
48.3 30.8 103.3 102 2 1 0 0 0 0 0 2 8.2 1 0.5 3 8 3 55.3 77.5 2 31.7 6
33 10 102 105.8 3 1 0 1 0 0 0 2 1.8 0 0 3 4 2 20 78 1 28.8 0
22.9 19 100 110.8 2 1 0 0 0 0 1 2 6 1 35.3 2 6 2 50.6 66.5 1 69.9 70
11.2 25.3 102.2 103 2 0 1 0 0 0 0 1 2 0 0 2 4 2 76.7 63.3 2 33.4 70
48.6 11.8 98 93 1 0 1 0 0 0 0 1 5.4 0 2 1 5 3 38.9 53.6 3 27.5 83
25.8 15 100 103 3 1 0 1 0 0 0 1 5.2 1 1.3 2 7 1 38.3 83.5 1 37.1 75
15 9.6 105.8 99 2 1 0 0 0 0 0 3 8.8 1 10 3 7 2 46.7 73.5 2 25.6 50
3.7 0 100 100 3 0 1 0 0 0 0 5 12.4 0 9 2 6 2 74.9 72.3 2 35.3 65
8.8 0 100 100 2 0 1 0 0 0 0 5 8.4 0 9 2 6 2 74.9 70.5 2 31.1 65
38.2 40 110.5 110.5 1 0 1 0 0 0 0 3 4.3 0 60 1 4 2 54.7 92.8 2 28.5 0
18.1 26 100 110 1 1 0 1 0 0 0 1 1 1 5 1 2 2 52.9 83.3 3 37.9 90
14.8 0 100 102 1 0 1 0 0 0 0 3 11.6 0 9 2 6 2 54.1 94.5 1 14.8 35
18 0 105 99 2 0 1 0 0 0 0 2 1 0 0 2 2 2 57.3 96.1 2 140 20
47.8 85 110 85 1 1 0 0 0 0 0 1 8.8 1 6 2 6 2 67.1 55.8 3 32.5 0
68.3 50 115 100 3 1 0 1 0 0 0 1 6.7 1 0 3 5 3 41.2 77 1 29.4 80
57.5 24 100 100 2 1 0 0 0 0 0 1 6.9 1 0 2 4 2 42.3 72.5 1 21.6 95
10.3 0 101.3 100 2 0 0 0 0 0 0 1 2.2 0 0 2 3 2 32.5 68.5 2 30.7 0
36.6 30 100 95 2 1 0 0 0 0 0 2 7.4 1 0 2 6 2 49.3 78.6 3 58.9 71
12 40 104.3 106 2 0 0 0 0 0 0 4 7.8 0 3.8 3 6 3 58.2 77.5 3 24.6 0
37.7 -2.5 104 101.5 1 0 0 0 0 0 0 1 10.8 0 0 1 7 2 63.7 101.3 1 44.6 0
6.4 0 100 102.3 1 0 1 0 0 0 0 4 3 0 0 2 6 2 28.7 83 3 20.7 90
7.5 37 105 100 2 0 0 0 0 0 0 3 5.5 0 0 2 6 2 60.6 72.3 2 31.6 70
5.2 -2.5 95.3 91.5 1 0 0 0 0 0 0 4 5.8 0 0 2 6 2 83 71.9 2 17.7 50
42.3 57.5 107.5 110 3 0 1 0 0 0 0 2 25 0 0 3 8 3 63 68.8 2 36.9 0
13.8 -15 105 100 2 1 0 1 0 0 0 3 21.3 1 0 1 8 3 67.2 58.5 2 30.1 0
5 -3.7 105 100 1 1 0 0 0 0 0 2 25 1 3.5 2 6 2 45.9 80 1 33.6 80
9.3 48.3 105 99.8 2 0 1 0 0 0 0 3 1.3 0 0 3 6 3 43.8 83 2 11.2 91
12.3 6 100 102.8 1 0 1 0 0 0 0 2 9.1 0 1.4 2 6 2 67.4 86.8 1 50.4 45
2.1 54.5 100 100 1 0 0 0 0 0 0 5 5.3 0 10 2 6 2 74.9 88.8 2 17.5 100
9.7 30 105 100 3 0 1 0 0 0 0 4 3.9 0 10 3 7 2 60.6 87 2 11.1 94
42.5 70 106 105.5 3 1 0 1 0 0 0 1 2.9 1 0 2 5 2 50 67.5 2 140 30
58.3 59.8 109.8 103.8 3 0 0 0 0 0 0 2 2.6 0 2.8 3 7 2 27 87.1 2 56.2 75
20.8 30.3 101.5 85 3 1 0 0 0 0 0 5 25 1 13.8 3 8 2 60.2 88.7 2 61.6 0
27 46.3 101.8 101.8 3 1 0 0 0 0 0 2 4.6 1 0.3 2 6 2 77.9 72.8 1 27.3 20
5.3 36 101.8 85 3 0 0 0 0 0 0 2 1.8 0 0 1 6 2 45.8 85 1 25.9 69
37 27.5 106.3 100 2 1 0 1 0 0 1 1 7 1 0 2 7 2 51.8 86.8 2 26.2 0
28.2 45 99.6 96.5 3 1 0 0 0 0 0 2 12 1 13 3 7 2 46 82.3 1 30.8 0
12.5 60.3 101 90 3 0 1 0 0 0 0 2 8 0 0 2 7 2 29.6 83.8 2 25.9 0
24.8 0 101 100 2 1 0 1 0 0 0 2 9.4 1 8.8 2 6 2 41.4 72.4 2 24.5 47
70.5 15 105.8 101.3 3 1 0 0 0 0 0 1 4.7 1 6 3 6 3 58.5 84.8 2 25.5 25
9.8 5 103 103.3 1 0 1 0 0 0 0 2 10.8 0 8.8 1 6 1 52.1 77.5 2 25 30
2.4 17.8 96 100 2 1 0 1 0 0 0 3 6.5 1 2.5 2 6 2 43.2 68 1 37.6 40
75 78.5 100.5 93.3 3 1 0 1 0 0 0 1 1.4 1 0 2 3 2 28.1 59.5 3 20.2 0
18.1 58 105.8 105.8 3 1 0 0 0 0 0 5 8.6 1 9.5 3 7 2 25.3 82 2 16.5 34
10.1 24 100.8 102 1 1 0 0 0 0 0 4 9.8 1 13.8 2 7 3 54.6 85 1 25.2 33
17.5 75 110 105 3 1 0 1 0 0 0 3 11.8 1 3 2 6 2 28.9 79.8 2 31 60
18.3 -4.2 100.8 97.3 1 0 1 0 0 0 0 2 1 0 0 2 6 3 36.7 90.4 1 17.1 75
32 0.5 103.8 98.8 1 1 0 0 0 0 0 1 5.8 1 2 2 4 2 32.5 71.4 3 33.7 0
11.5 40 99.3 101.8 3 0 1 0 0 0 0 3 5.4 0 11 2 7 2 65.7 69 1 15.9 100
50 40.8 102 100 3 1 0 1 0 0 0 2 3 1 0 3 7 3 50.5 62.8 3 28.3 80
25.8 59.5 100 100 2 1 0 1 0 0 0 3 3.6 1 14.3 3 6 3 68.4 83.3 1 23.7 39
26 40 90 90 1 1 0 0 0 0 0 2 8.7 0 17.5 1 6 3 74.4 58.3 1 23.1 0
24.2 4.3 108.8 100 1 0 1 0 0 0 0 2 25 0 58.3 2 7 2 67.5 72.5 2 42.9 40
4.8 0 100 101 2 0 0 0 0 0 0 4 19.1 0 0.3 1 8 2 63.7 87.8 2 21.6 80
43.1 60 100 98.8 2 0 0 0 0 0 0 1 1.5 0 0 3 6 3 59.4 69 2 50.2 84
8 0 100 99.8 2 1 0 0 0 0 0 3 1.2 1 0 2 6 3 24 100 2 140 0
38.5 60 105.8 110 3 0 1 0 0 0 0 2 2.9 0 10 3 4 3 53.1 87.5 2 23.1 80
12.2 0 100.8 100 2 0 1 0 0 0 0 2 1 0 0 2 8 1 50.9 87.5 3 31.8 15
14.5 47.5 108 102.3 3 1 0 1 0 1 0 3 9.7 1 9 2 7 3 26.3 52.4 2 55.9 60
38.5 80 106.8 102 3 1 0 1 0 0 0 2 12.1 1 0 2 6 2 36.2 79.8 2 26 67
19.2 19 103.8 107.3 2 0 1 0 0 0 0 1 2.4 0 0 2 5 2 49.3 73 2 44.9 73
29.2 25.3 102.5 100 2 0 1 0 0 0 0 1 1.7 0 0 2 4 2 56.2 87.5 2 91.6 72
12.2 30 105 110.3 2 0 0 0 0 0 0 2 6.5 0 2 2 6 2 29.8 63.5 1 28.3 40
20.8 30 103.8 105.3 1 0 0 0 0 0 0 3 3.7 0 10 2 2 2 56.1 65.3 1 28.1 40
26 11.3 109.5 99.8 3 0 1 0 0 0 0 2 7.5 0 0 2 6 3 46.7 72.6 1 33.1 40
12.5 0 125 120 1 0 0 0 0 0 0 1 2.4 0 0 1 6 2 61.3 44.8 1 37 60
14.3 31.3 110 100 2 0 0 0 0 0 0 4 1.8 0 0 3 7 2 38.3 76.5 2 24.2 78
41.3 17.5 112.5 125 2 1 0 1 0 0 1 1 3.6 1 0 2 5 2 54.1 90 2 36 0
54.8 80.3 100 93.5 2 1 0 1 0 0 0 1 1.5 1 0 1 6 3 44.3 84.3 1 59 50
36.8 50 100 104.5 2 1 0 1 0 0 0 2 2 1 0 3 6 3 45.2 73.3 1 37.6 50
20.7 12 102.6 105 2 0 1 0 0 0 0 2 2.9 0 0 1 6 2 52.8 66 1 48.2 68
21.8 47.5 109.3 109.3 1 1 0 0 0 0 1 2 14.2 1 19.5 2 7 2 69.2 61.8 2 24.5 0
9.5 0 100.5 102 3 1 0 0 1 0 1 3 7.1 1 10.3 3 6 3 53.8 63.8 2 22.4 45
8.2 6.3 101 107.5 1 0 0 0 0 0 0 3 3.6 0 1.3 2 6 2 57.9 77.8 2 39.7 74
27.3 35 105.8 110.8 2 0 1 0 0 0 0 3 6.8 0 0 2 4 2 43.3 75.8 2 26.1 76
15 40 98.8 95 1 1 0 1 0 0 0 3 7 1 0 1 6 2 45 100 1 35.5 0
50 5 100 100 2 0 1 0 0 0 0 1 7.8 0 0.5 2 7 2 27.1 88.3 2 22.6 70
15.6 16.3 98.5 87 2 1 0 0 0 0 1 3 14 1 4.5 3 6 3 62.9 73.8 3 30.9 70
4.2 -10 99 112.5 1 0 1 0 0 0 0 2 3.3 0 0 2 6 1 37.8 79.5 1 27.7 65
52.8 29 116.3 100.8 3 1 0 1 0 0 0 3 2.1 1 0 2 6 3 55.8 93.5 2 40.1 46
60.5 36.5 111 99.8 3 1 0 0 0 0 1 2 3.4 1 15 2 6 3 55.8 93.5 2 34.9 46
60 16.5 114.3 99.8 3 0 1 0 0 0 0 2 3.1 0 21.3 2 6 3 55.8 93.5 2 30.5 46
7.9 8 103.3 100.3 2 1 0 1 0 0 1 3 14.8 1 2 2 7 2 74.5 85.9 2 27.4 70
58.2 26.3 101.3 109.3 2 1 0 0 0 0 0 1 4 1 0 2 6 2 46.3 87 1 24.7 0
41 30 100 95 2 1 0 0 0 0 0 2 5.1 1 1.5 2 7 2 52.5 80.3 3 32.3 71
27.1 21.3 100 95 2 0 0 0 0 0 0 2 5.6 0 3.3 2 6 2 51.1 87.8 2 29.4 71
40.5 30 107.8 100 1 0 1 0 0 0 0 3 9.3 0 4.3 2 7 2 65.7 84.5 2 18.2 40
25.1 -2.5 105.8 107.5 2 0 0 0 0 0 0 2 1.7 0 0.3 1 6 1 42.9 86 2 40.5 75
11 0 101.3 105 1 0 0 0 0 0 0 2 1.5 0 0 1 6 1 54.3 69.8 2 26.8 75
10.8 17.3 101.3 102 1 1 0 1 0 0 0 3 2.2 1 6 2 6 3 42.5 67.3 2 46 80
11 18.5 100 92.3 1 1 0 1 0 0 0 3 1.5 1 0.3 1 6 3 45 89.8 2 59.8 50
27.3 -14.2 100 100 3 0 1 0 0 0 0 2 5.6 0 8.2 2 6 2 59.8 53.3 3 44.6 70
28.7 -14.2 99.5 100 3 0 1 0 0 0 0 2 5.7 0 8.2 2 6 2 59.8 53.3 3 39.7 70
14.3 63.8 125 120 1 0 0 0 0 0 0 1 2.6 0 3.8 2 6 2 37.6 69.9 1 31.6 60
29.5 20 105 100 1 1 0 0 0 0 0 3 8.5 1 0 2 6 2 56.6 82.5 2 48.5 38
36.3 60 105 100 1 1 0 0 0 0 0 2 6.4 1 0 2 6 2 56.6 82.5 2 51.1 38
6.4 10 105 105 2 1 0 1 0 0 1 4 25 1 0 3 8 1 67 72.5 2 40.1 0
75 50 115 120 3 1 0 0 0 0 0 2 8 1 0 3 6 2 51.9 79 2 36.4 0
48.5 17.5 102.8 115 2 0 1 0 0 0 0 1 1 0 0 2 5 2 20.2 89.3 2 24.2 79
38.6 35 110 125 2 0 1 0 0 0 0 2 2.8 0 0 2 5 2 28 96.3 2 44.8 80
6.1 -12 100 105 2 0 0 0 0 0 0 2 3.1 0 0 2 5 2 41.3 77 2 17.7 86
28.3 12.5 100 101 3 1 0 1 0 0 0 1 1.4 1 0 1 6 2 32.8 76 2 29.5 81
9.1 28 105 115 2 0 1 0 0 0 0 3 2.5 0 0 3 5 2 65.5 78.3 2 47.1 0
8 0 100 99.8 2 1 0 0 0 0 0 3 1.2 1 0 2 6 3 24 100 2 140 0
7.9 15 103 105 1 1 0 0 0 0 0 3 13 1 0 1 6 1 63.7 66 2 28.6 60
65.6 -12.5 101 100 3 0 1 0 0 0 0 1 4.7 0 0 2 6 2 59.1 53.3 2 41.8 70
62.4 -12.5 101 100 3 0 1 0 0 0 0 1 4.7 0 0 2 6 2 59.4 53.4 2 45.6 70
26 -8.7 100.8 105.3 3 0 1 0 0 0 0 2 7.7 0 7.5 2 6 2 20 73.3 1 21.9 0
18.9 13 100.1 104.5 1 0 1 0 0 0 0 1 3 0 0 2 4 1 52.1 40 1 39.7 68
12.9 45 100 102 3 0 1 0 0 0 0 4 2.9 0 0 1 5 1 51.9 64 1 38.8 68
46.3 20 100 105 2 0 1 0 0 0 0 1 9.6 0 0 2 8 2 36.3 82.7 2 36.9 63
7.3 0 101 100 2 0 0 0 0 0 0 4 4 0 0 2 6 2 67.2 70.3 2 21.9 80
17.5 22 103 100 1 1 0 0 0 0 1 2 16.9 1 8.3 1 7 2 66.5 51 2 31.9 47
15.8 0 100 100 1 1 0 0 0 0 0 2 25 1 1.5 1 7 1 66.4 55 2 31 47
29 8.8 96.3 100 3 1 0 0 0 0 0 2 14.3 1 0 2 7 2 48.7 54 2 29.5 0
22.2 0 100 99.3 2 1 0 0 0 0 1 2 2.1 0 0 3 6 3 49.8 70.5 1 41 70
8.6 34 104 100.8 1 0 1 0 0 0 0 2 9 0 0 2 5 2 43.1 82.3 1 28.2 70
22 24.8 98.3 95.3 1 1 0 0 0 0 0 3 10.3 1 1.8 2 7 2 46.8 61.5 2 18.5 0
1.7 8.8 107.8 104.8 2 0 0 0 0 0 0 5 1 0 0.5 2 6 2 52.7 64.3 2 26.3 83
5.4 30 98.8 100 1 0 1 0 0 0 0 3 4.7 0 0 1 6 2 71.8 84 1 24.4 70
10 52.5 103.3 100 2 0 1 0 0 0 0 3 4.9 0 0 2 6 2 53.8 73 1 25.3 73
39.5 6.3 107.8 100 2 0 1 0 0 0 0 2 11.1 0 0 2 7 2 56.5 69.5 2 26 0
28.3 50 107.8 100 1 1 0 0 0 0 0 2 7.2 1 0 1 7 2 56.9 72.3 2 27.8 0
7.7 5 100 112 2 1 0 1 0 0 0 3 1 1 3.2 2 7 2 47.7 83.1 2 58.6 60
18 20 100 97.5 2 0 1 0 0 0 0 2 4.4 0 0 2 7 2 50.4 94.8 2 52.7 80
10.3 -5 100 100 2 0 0 0 0 0 0 2 1 0 0 1 1 1 39.9 93 2 117 85
36.3 85 125 125 3 1 0 1 0 0 0 1 1 1 0 1 3 3 44.8 74.5 2 54.1 50
6 8 100 100 2 1 0 1 0 0 0 3 1.1 1 1.6 2 6 2 47.8 83.7 2 53.3 60
17.5 0 110 115 3 1 0 0 0 0 0 1 3.5 1 5 2 6 2 42.9 70 2 22.7 75
12.3 20 104.8 100 1 0 0 0 0 0 0 3 6.4 0 1.1 2 6 2 53.9 92 2 61.9 75
21.7 17.5 103 98 3 1 0 0 0 0 1 3 11.2 1 4.5 2 7 2 83.6 53.5 3 49.4 0
74.8 85 125 114.8 3 1 0 0 0 0 0 3 10.7 1 0 3 6 3 51.8 86 3 62.1 80
1 0 97.5 95 2 0 1 0 0 0 0 4 4.4 0 0 2 6 2 50.3 103.8 2 37 65
21.6 3.8 104.5 104.3 2 1 0 0 0 0 0 3 9.8 1 3.8 2 5 3 43.9 68.8 2 30.2 75
26.8 6.3 101.8 103 2 1 0 0 0 0 0 2 9.7 1 0 2 5 2 40 68.8 2 39.1 75
24 1.3 105 104 2 1 0 0 0 0 0 3 8.7 1 0 2 5 2 37 68.8 2 36.2 75
75 60 103.8 100 3 1 0 0 0 0 0 1 10.9 0 5 2 7 2 44.5 63 2 39.4 0
4 7.5 100 100 3 1 0 1 0 0 1 4 25 1 2 2 8 2 80.9 60 2 24.1 10
19.2 42.5 108.8 110.5 1 1 0 0 1 0 0 3 25 1 0 1 7 2 30.6 63.5 2 28.1 25
11.5 14 102 104 2 0 1 0 0 0 0 3 3 0 9 1 6 2 51.8 77.8 2 43 82
35.8 80 106.3 103.8 3 1 0 0 0 0 0 2 1.6 1 0 3 6 3 61.9 86 2 53.5 72
24.5 50 100 100 2 1 0 0 0 0 0 1 3.6 1 0 2 6 2 71.9 74.3 3 26.9 80
17.9 46 104.9 101 3 1 0 0 0 0 0 3 8.2 1 10.3 2 7 2 53.6 97 2 63.7 45
42.3 25 104.5 100 2 1 0 1 0 0 0 1 2.9 0 0 2 3 2 67.6 73.8 1 65.7 15
11.8 72.5 118.8 120 3 1 0 0 0 0 0 3 10 1 0 2 6 3 20 55.2 2 40.4 67
9.7 -7.5 96.3 99 2 0 0 0 0 0 0 2 4.4 0 0 2 5 1 75.5 74.5 3 32 0
5.4 -20 101.3 118.8 1 0 0 0 0 0 0 3 8.8 0 34.8 1 6 1 50.6 83.4 2 28.8 45
16.3 17.5 102.3 100 2 1 0 0 0 0 0 3 6 1 0 1 6 2 53.6 84.9 1 12.5 0
75 85 125 105 3 1 0 1 0 0 0 1 5.8 1 4.8 2 6 3 49.2 84.5 2 140 70
45.6 68 110 105.3 3 1 0 0 0 0 0 1 12.2 1 0 3 7 2 51.9 73.8 3 37.4 60
2.3 1 116.3 120 1 1 0 0 0 0 0 5 11.4 1 1.3 2 5 2 76.6 42.3 1 29.8 0
27.5 41.3 102.5 100 3 0 0 0 0 0 0 2 1.7 0 0 3 4 3 29.6 91.8 2 26 90
34.8 42.5 106.8 88.5 2 1 0 1 0 0 0 4 10.3 1 5 3 5 3 60.7 74.5 3 37.6 0
5.6 0 115.2 113.2 1 0 1 0 0 0 0 3 1 0 1.8 1 3 1 27.8 65.5 2 32.8 0
10.5 22 104.3 109.5 1 1 0 0 0 0 0 2 9.1 1 3.8 2 6 2 43.8 78 2 28.2 68
2.2 11.8 105 108.5 2 0 1 0 0 0 0 4 8.8 0 0 2 6 2 40.7 69 2 19.7 68
41 -25 100 96.5 2 0 1 0 0 0 0 1 7.7 0 6.3 2 6 2 42.2 95 2 38.1 60
25.2 0 99.9 94.1 3 1 0 0 0 0 0 2 1.6 1 3 1 7 2 46.2 85.3 2 42 48
73.8 36.3 105 92 3 1 0 1 0 0 0 1 5.3 1 14.5 3 4 2 60.9 87.5 2 32.5 35
20.7 17.5 100.8 100 1 0 1 0 0 0 0 2 2.7 0 0 2 3 3 49.8 73.2 2 37.4 72
41.5 54.8 108.8 100 3 1 0 0 0 0 0 2 4.2 1 1.5 2 6 2 39.2 80.3 3 42.4 0
5.9 0 102.5 116 3 0 1 0 0 0 0 3 1.5 0 3.8 3 6 3 47.9 85.3 2 29.9 40
28.6 28 105 93.3 3 1 0 0 0 0 0 2 11.7 1 0 3 8 3 47.2 80.7 3 34.4 67
21.2 62.5 125 102 3 0 1 0 0 0 0 2 12.5 0 18.8 2 6 2 52.9 92.5 3 22.3 0
40.6 42.5 108.8 85 3 1 0 0 0 0 0 2 9.4 1 2.6 2 7 2 52.1 84.3 2 47.6 52
13.9 26.5 112 114.5 3 0 0 0 0 0 0 3 2 0 0.3 2 6 2 46 63.3 2 62.4 73
9 3.5 110 109 1 1 0 0 0 0 0 5 16 1 1 2 5 2 78.1 46.3 1 33.6 0
12.8 -0.7 99.8 100 1 1 0 0 0 0 1 3 9.5 1 1.4 1 6 2 39 44 1 51.4 44
20.5 1.3 100.5 99 2 0 1 0 0 0 0 3 1.1 0 0 2 5 2 68.2 75.8 2 58.1 72
37.7 35 102.5 100.5 3 0 1 0 0 0 0 3 7 0 1.8 3 6 3 25 79.3 2 49.9 100
70 0 105 102 2 0 1 0 0 0 0 1 2.5 0 0 2 2 2 37.9 84.3 1 30.9 55
75 0 105 102 3 0 0 0 0 0 0 1 2.6 0 0 3 5 3 38.5 73.5 1 30.7 55
75 0 105 102 3 0 0 0 0 0 0 1 2.5 0 0 3 5 3 38.2 81.3 1 30.3 55
27.3 0 100 100 2 1 0 0 0 0 0 3 9.6 1 10.8 2 7 3 60.8 40 2 48.9 28
58.5 40 100 100 3 1 0 0 0 0 0 1 9.7 1 0 2 7 3 54.3 65 2 50.3 30
29.2 36.5 103 103 3 1 0 0 0 0 0 2 6.5 1 2.8 2 7 3 37.9 81.1 2 29.9 76
31 29.5 98.5 96.3 3 1 0 0 0 0 1 3 1 1 0 3 3 3 56.3 93 1 29.7 70
43 17.8 100 107.5 2 0 1 0 0 0 0 1 7.1 0 2 2 7 2 86.1 86.3 2 47.5 80
12.2 0 100 105 3 0 1 0 0 0 0 2 3 0 0 3 6 2 46.7 50.5 3 36.5 72
1.4 0 100 95 1 0 1 0 0 0 0 3 3.9 0 0 1 6 1 36.5 61.3 3 52 72
5.1 0 100 99 2 0 1 0 0 0 0 3 1.8 0 0 1 5 2 54.1 72.3 2 66.2 72
11.9 20 101.5 103.8 1 1 0 1 0 0 0 3 1.9 1 0 2 4 1 49.7 81.3 2 24.6 0
20.9 5 103 97 2 0 1 0 0 0 0 4 12.2 0 4.9 2 6 2 39.5 72.9 2 35.5 69
27.2 25 107 100 2 1 0 0 0 0 0 4 11.5 1 7.2 3 7 2 28.6 42 1 62.8 14
17 0 100 100 1 0 1 0 0 0 0 2 2.4 0 9 2 3 2 44.4 102.3 3 40.1 80
5.9 32.5 104 109 1 0 0 0 0 0 0 4 3.2 0 0 1 6 1 41.5 54.8 1 16.5 42
24.6 30 100 100.8 2 1 0 0 0 0 0 2 2.2 1 0 2 4 2 55.4 95.8 2 51.3 77
15.8 15 101.8 101.3 2 0 0 0 0 0 0 3 3 0 0 2 6 2 56.4 95.8 1 56.1 77
33.1 41.3 100.5 98.9 3 1 0 1 0 0 1 2 1 1 1 3 6 3 43.7 88.8 2 51 64
1.3 41 98 107 2 0 0 0 0 0 0 2 4.1 0 0 2 6 2 52.7 48.1 2 14.6 50
7 29 106.3 106.3 2 1 0 0 0 0 0 3 1.2 1 6.3 2 6 2 66.2 80.8 2 10.8 25
20.8 2.8 102.3 95.3 1 1 0 1 0 0 0 2 12.3 1 0 2 6 2 50.5 96.3 1 62 0
34.8 17 100.5 98.3 1 0 1 0 0 0 0 2 7.3 0 4 3 3 2 29.3 76 2 42.5 0
9.8 26.3 105 100 2 0 1 0 0 0 0 2 25 0 5 2 8 2 58.4 50 1 46.3 0
8.7 21.3 105 100 3 0 1 0 0 0 0 2 25 0 5 2 8 2 58.5 50 1 48.5 0
3 45 111.8 105 1 0 1 0 0 0 0 5 8.2 0 0 1 7 1 49.3 80 2 27.7 49
7.3 85 104 110 2 0 0 0 0 0 0 2 1.3 0 0 2 4 2 50 40 1 38.7 78
29.3 75 104.3 102 3 0 1 0 0 0 0 2 10.7 0 0 2 6 2 43.7 83.8 2 39.2 64
37.3 75 103 102 3 1 0 0 0 0 0 2 6.5 1 0 3 7 3 43.5 83.8 2 35.4 64
38.5 3.5 98.8 100 1 0 0 0 0 0 0 1 4.5 0 0 3 4 3 57.7 83 2 31.6 82
6.1 2.5 103 105.8 1 0 0 0 0 0 0 3 4.1 0 0 1 6 2 60 74.3 1 27 82
23.8 2 101 97.8 2 0 1 0 0 0 0 3 2 0 0 3 7 2 51.5 76.5 1 62.2 41
60.8 77.5 107.3 105 3 0 1 0 0 0 0 2 1.7 0 1.3 3 6 3 44.5 67.5 2 29.4 99
71.3 80 112.5 106.3 3 1 0 0 0 0 0 2 1.3 1 0 3 6 3 47.1 73.5 2 34.1 95
12.8 -2.5 100 105 1 1 0 0 0 0 0 2 1.9 1 3.8 2 6 2 22.3 88 1 47.9 83
57.8 47.5 110 105 3 0 1 0 0 0 0 1 25 0 0 3 6 2 35.8 75 2 40.4 0
19.3 34.3 117 98 3 1 0 1 0 0 0 2 10 1 0 2 8 2 57.7 79 2 57 0
4.3 21 105 107 3 0 0 0 0 0 0 3 2.9 0 1.5 1 6 2 51.2 72.3 1 120.5 0
28.7 21.8 102 102.5 3 0 1 0 0 0 0 3 3.4 0 0 3 6 2 51.3 68.4 2 24.3 70
48.4 34.3 102.3 108.5 3 0 1 0 0 0 0 3 2.5 0 0 3 6 2 52.4 81.9 2 45.5 70
75 29.5 97.5 100 3 0 1 0 0 0 0 1 3.9 0 12 2 4 3 39.8 90.5 3 39.5 90
28 30 104 100 1 1 0 0 0 0 0 1 17.2 1 0 2 6 2 79.5 82.3 2 27.2 30
5.5 -25 89.5 100 1 1 0 1 0 0 1 2 2.8 1 0 1 2 3 61.5 76.3 2 20.7 82
21.8 58.8 100 100 3 1 0 1 0 0 0 3 3.7 1 1.5 2 6 2 34.9 77.5 2 13.5 82
4.9 6.3 110 100 3 0 1 0 0 0 0 3 5.9 0 11.1 2 3 2 65.3 40 1 32.6 86
31.8 6.5 105.8 115.8 2 1 0 0 0 0 0 1 3.5 1 0 3 6 1 57 40 2 67.9 10
29.1 5 105 100 2 1 0 0 0 0 0 2 3.5 1 0 2 6 2 65 40 1 52.6 10
47.3 0 98.8 91.5 3 1 0 1 0 0 0 2 2.9 1 0 2 6 2 57.2 75.9 2 36.3 82
4.8 2.5 106.5 105 3 0 1 0 0 0 0 4 4 0 0 3 5 2 39.5 64.5 2 63.9 0
23.8 20 102 98 2 0 1 0 0 0 0 5 14.1 0 1 3 7 2 48.8 46 3 58.6 60
23.8 2 101 97.8 2 0 1 0 0 0 0 3 1.5 0 0 3 7 2 51.5 76.5 1 62.2 41
13.8 0 100 100 2 0 0 0 0 0 0 2 1.5 0 0 2 5 2 68.3 95 1 116.2 65
23.5 30 108.3 103 3 1 0 1 0 0 1 4 16.1 1 3 3 7 3 46.7 71.3 2 38.4 50
6.5 10 109.5 105 2 0 1 0 0 0 0 3 13.6 0 4.3 2 7 2 29.8 61.5 2 32.6 50
10.3 -25 108 108 1 0 1 0 0 0 0 2 2.7 0 11 3 6 3 48.3 70 2 10.9 75
47.4 5.5 98 100 2 1 0 0 0 0 0 1 1.1 1 0 2 2 3 48.1 90 2 37.3 80
28.8 65 125 100 2 1 0 0 0 0 0 3 19.1 1 12 2 6 2 60.8 73.3 3 67.8 50
13.3 -18.7 100 100 2 0 0 0 0 0 0 2 1.1 0 0.3 2 4 2 44.3 87.5 2 67.6 65
7.7 0 100 100 2 0 1 0 0 0 0 2 1 0 0 2 6 2 36.5 68.4 1 83.7 66
54.3 76.5 112 106 3 1 0 0 0 0 1 2 7.9 1 0.3 3 1 2 46.9 87.5 2 25.7 0
7.6 17.3 100 101 1 1 0 0 0 0 1 2 3.3 1 0 2 5 2 46.3 42.8 1 20.1 45
5.7 13 106.8 105 1 1 0 1 0 0 0 2 3.8 1 0 2 7 3 46.3 50 1 22.8 35
20.8 -1 100 101.3 3 1 0 0 0 0 0 2 7.4 1 10.8 3 7 3 51.3 68.8 1 39.3 65
19.8 1.8 100 95 3 1 0 0 0 0 0 2 6.7 1 0 1 6 3 53.2 68.8 2 27.2 65
25.2 15 100 95 1 1 0 0 0 0 0 2 7.7 1 0 3 7 3 51.7 68.8 2 46.2 65
8.5 15 93.8 91.3 1 1 0 0 0 0 0 3 6.1 1 0 2 6 2 84.8 87.3 2 22.6 0
20.2 43.5 100 102 3 1 0 1 0 0 0 3 4.7 1 7.5 3 5 3 47.6 72.3 2 42.7 60
48.3 30.3 102 91.3 2 1 0 1 0 0 0 2 1.5 1 1 2 4 2 67 92.5 2 40 60
47.8 47.5 103.3 91.3 2 0 1 0 0 0 0 2 3.9 0 1 2 7 2 51.2 65 2 43.6 83
31.8 24.5 102.3 94.5 2 0 0 0 0 0 0 2 1.4 0 2 2 4 2 62.4 91.8 2 32.7 60
48 62 110 100 3 1 0 1 0 0 0 1 9.8 1 3 3 7 2 38 70 2 49.9 50
29.7 1.3 105.3 103.8 1 0 0 0 0 0 0 1 1.7 0 0 1 6 1 47.3 80.3 2 31.3 75
8.7 5.5 99 102 1 0 1 0 0 0 0 3 6.7 0 2.8 1 5 2 50.6 74.9 2 49.2 70
7.8 15.3 103 108 2 0 1 0 0 0 0 2 2.7 0 1.3 2 4 2 59.5 92.8 1 23.8 100
39.9 6.3 110 109.8 3 0 1 0 0 0 0 2 25 0 20 3 4 2 32.5 80.5 2 35.1 0
23 20 107.5 97 2 1 0 0 0 0 0 2 1.7 1 0 1 6 2 51.2 110 3 78.8 0
17.8 -5 100 110 1 0 1 0 0 0 0 2 2.4 0 0 2 6 1 56.1 91 2 65.5 75
23.7 -25 100 108.8 1 0 1 0 0 0 0 1 2.3 0 0 2 6 2 57.1 87.5 2 74.6 75
17.9 18.8 101.3 101 1 1 0 0 0 0 1 1 3.1 0 9.3 2 4 2 84.3 60 2 140 25
19.3 -17.5 100.8 105.5 1 0 0 0 0 0 0 2 1.6 0 0 1 3 3 46.2 76 2 51 75
32.8 30 102 105 1 0 0 0 0 0 0 2 1.9 0 0 1 5 3 40.9 74 2 35.3 75
4.6 28 102.1 87.3 2 0 1 0 0 0 0 3 2 0 0.4 2 6 2 50.3 92.8 2 40.9 30
20.2 15 98.5 105 1 0 1 0 0 0 0 4 2.4 0 0 2 6 1 51.4 40 2 29.6 70
15.2 -15 102 120 1 0 1 0 0 0 0 2 2.1 0 0 2 6 2 43 45.3 2 36.6 70
19 20.3 105 110 2 1 0 0 0 0 0 2 9.8 1 10 3 6 3 50.8 49.8 1 52.7 0
7 5 101.5 101.8 3 1 0 1 0 0 0 3 4.7 1 0 2 5 2 63.3 80 2 15.3 83
6.2 2.5 93.8 95 2 0 1 0 0 0 0 4 5.2 0 3.8 3 6 1 68.3 100 2 34 60
21 27.5 108 94.5 3 0 0 0 0 0 0 3 6.1 0 13.5 3 7 3 50.6 67.8 3 41.1 0
6.3 -1 95 102 1 0 1 0 0 0 0 1 2.8 0 7 3 6 1 63.3 97.3 2 32.6 80
34.8 10 101 100 2 0 1 0 0 0 0 1 1.9 0 0 2 5 2 55.1 82.8 2 78.4 71
20.2 -4 99.5 100.5 3 1 0 0 0 0 0 3 2 1 2.8 3 7 2 54.7 90.8 1 21.4 75
15.3 63.8 125 120 1 0 0 0 0 0 0 1 2.6 0 3.8 2 6 2 46.4 69.6 1 41.2 60
36.6 30 99 87.5 3 0 1 0 0 0 0 1 8.8 0 0 3 7 3 50.9 80 3 32.7 0
75 51.3 100 94 1 1 0 0 0 0 0 1 6.2 1 0 2 6 2 40.3 58.3 3 44.3 67
10 -4.5 100 97.8 3 0 1 0 0 0 0 3 2.1 0 0 3 7 2 51.6 76.5 1 69.2 40
34.5 20 108.8 110 3 1 0 0 0 0 0 1 12 1 2.8 2 6 2 39.1 76.3 2 14.6 85
75 0 100 97.5 3 1 0 0 0 0 0 1 12.8 1 0 2 6 3 36.6 67.8 3 108.1 50
15.8 -1.2 105 102 2 1 0 0 0 0 0 1 10.3 1 0 2 6 2 33.5 89.5 2 53.2 0
60.8 15 106.3 95 3 1 0 1 0 0 0 1 9.4 1 1.8 2 6 3 57.2 57.8 2 23.6 80
54.8 43.8 99.5 91.3 3 0 1 0 0 0 0 1 9.8 0 0.9 3 7 1 59.9 80 3 26.7 48
40 6.3 106.3 105 3 1 0 1 0 0 0 2 9.4 1 0.5 2 6 3 54.6 68.3 2 20.6 80
25.4 30.3 108.8 100.5 3 1 0 1 0 0 0 4 9 1 19.3 3 8 1 36.6 80.5 2 57.5 0
2.1 12 110 104 2 0 0 0 0 0 0 2 4.9 0 0 2 6 2 67.2 73.8 2 13.7 38
75 85 104 88 3 1 0 1 0 0 0 1 1.1 0 0 2 6 3 43.5 86.1 2 60.6 52
45 43 90 90 3 1 0 0 0 0 0 1 9.3 1 0 2 8 2 28.7 95 2 47.1 0
26.3 41.3 118.5 120 1 1 0 0 0 0 0 3 10.6 1 21.5 1 6 2 62.1 68.9 2 140 0
17.6 5 102.5 102.5 3 0 0 0 0 0 0 3 6.6 0 0.4 1 5 2 45.3 98 1 30.8 21
49.8 20 100 100 3 1 0 1 0 0 0 1 1 1 0 2 3 2 50.9 78 1 74.1 41
23 20 100 96.5 1 0 1 0 0 0 0 4 1.4 0 0 2 4 1 75.6 89.8 2 34.5 49
29.4 -4.3 100 95 2 0 1 0 0 0 0 1 2.2 0 6.8 2 6 2 41.1 94.3 1 106.5 48
19 -5 100 110 1 0 1 0 0 0 0 1 2.4 0 0 2 6 2 58.6 82.5 2 58.2 75
5.7 -25 100.8 107 1 1 0 0 0 0 0 3 2.7 1 0 1 4 2 54.9 41.8 2 39.8 75
18.8 -16.2 100 110 1 1 0 1 0 0 0 3 2.7 1 0.5 2 6 2 54.6 40 2 45.8 75
6.7 -1 97.6 108 1 0 0 0 0 0 0 2 5.2 0 16.3 2 7 2 63.6 74 1 67.7 0
32.5 85 104 103.8 3 0 1 0 0 0 0 1 1.2 0 0 3 2 3 31.1 59 3 22.6 0
18.5 35 98.8 94.3 2 1 0 0 0 0 0 3 3.9 1 8.8 1 5 2 68.8 94.3 2 53.2 80
33.1 47.3 107.8 100 3 0 1 0 0 0 0 2 18.7 0 3.8 3 6 2 34.7 83 2 28.2 33
51.3 0 102.5 112.5 3 1 0 0 0 0 0 2 1.6 1 5 1 4 2 26.9 65 2 140 77
10.8 38.5 101.3 97 3 1 0 0 0 0 0 3 1.9 1 0.9 2 7 3 62.9 90.5 1 33 87
19.3 40 111.3 105 3 0 0 0 0 0 0 3 18.8 0 5.3 3 7 3 50 69 2 30.2 0
35.7 57.5 113 100 2 0 0 0 0 0 0 2 6.9 0 0 3 6 2 50 70.8 2 31.1 0
22.5 51.3 103.8 96.3 3 1 0 0 0 0 0 2 8.7 1 0 3 6 2 50 75 2 41.9 0
18.3 20 100.5 108.5 2 0 1 0 0 0 0 2 3.6 0 0 2 4 2 52 81.9 2 28.5 70
36.4 37.5 101.8 108 3 0 1 0 0 0 0 3 3.2 0 0 3 6 2 51.9 83.6 3 45 70
9.3 20 101.8 108 2 0 1 0 0 0 0 3 3.2 0 0 2 5 2 51.5 67.8 2 37.3 70
14 20 101.4 91.3 1 0 0 0 0 0 0 1 4.3 0 0 2 6 2 42.7 89.3 2 43.9 90
3.5 40 106 101.3 1 1 0 1 0 0 0 4 16.7 1 11.5 1 6 2 88 83 2 52.2 70
4.7 -10 100 103.5 2 1 0 1 0 0 0 4 5.9 1 0 2 6 1 46.8 71.3 2 28.3 65
22 60 107.5 100 2 0 1 0 0 0 0 3 21.3 0 20 2 7 2 54.8 41.8 2 71.9 50
7.3 -8.7 100.8 100 3 0 1 0 0 0 0 4 9.7 0 0 3 6 2 59.4 85 2 19.4 66
66.3 85 104.8 102 3 0 1 0 0 0 0 1 1 0 0 3 6 3 45.8 77 2 86.3 65
20.8 3.8 100 106.3 2 0 0 0 0 0 0 2 3.6 0 9 2 6 2 52.9 83.5 1 65.5 0
6.5 3.8 105 106.3 1 0 0 0 0 0 0 3 3.9 0 0 1 6 2 57.7 73.8 1 39.2 82
42 3.5 98.8 100 1 0 0 0 0 0 0 1 3.5 0 0 3 4 3 57.7 83 2 35.4 82
7.3 24 99 105 2 0 0 0 0 0 0 3 4.6 0 0 1 6 1 47.1 97.8 1 22.2 68
7.8 -5 102 105 1 0 1 0 0 0 0 2 12.3 0 0 1 7 1 84 100 1 140 0
11.8 0 100 100 1 0 1 0 0 0 0 2 8.8 0 0 2 6 2 36.8 89 3 18.4 0
16.8 34.3 99.3 100 3 0 0 0 0 0 0 1 1.4 0 0 2 6 2 67.5 94.8 2 29.1 90
24.3 53.8 112.5 100 3 1 0 0 0 0 0 2 5.5 1 0 3 6 3 67.5 90.8 2 32.6 90
24 32 100 100 3 1 0 0 0 0 0 2 4.8 0 0 3 6 3 67 91 2 34.4 90
5.7 29.5 97.5 98.8 2 0 0 0 0 0 0 4 5.7 0 19.5 2 6 2 73.2 100 2 39 87
55.3 38.5 103.8 100 3 1 0 0 0 0 0 1 4.8 1 0 3 6 3 67.3 94.8 2 30.6 95
65.4 59 111.3 109 3 1 0 0 0 0 0 1 25 1 0 3 7 2 60.3 70.8 2 42.3 42
4.8 0 98.3 110 3 0 0 0 0 0 0 3 3.6 0 0 2 6 2 58.9 86.6 1 31.7 0
17.3 18.8 100 93.3 1 1 0 1 0 0 0 2 3 1 0 2 6 1 62.6 100 2 15.7 98
19.3 -12.5 97.5 108.8 2 1 0 0 0 0 0 3 4.3 1 0 2 6 2 67.8 75 1 10 95
19.3 35 103 98 3 0 1 0 0 0 0 2 3.8 0 0 2 6 2 25.4 63 2 21.9 90
43.5 -1 102.5 85 2 0 1 0 0 0 0 2 1 0 0 2 7 2 43.1 88 2 19.1 54
38.5 0 102.5 100 2 0 1 0 0 0 0 2 1 0 0 2 6 2 53.1 77.3 2 12.9 65
15.7 37.8 106 110 3 1 0 0 0 0 0 4 8.5 1 2.3 3 7 3 37.8 77.8 1 21.6 60
2.8 27.4 99 100 2 0 1 0 0 0 0 4 5.2 0 0 1 6 2 34.5 109.3 2 27.1 68
15.4 11 103.5 98 3 0 1 0 0 0 0 4 1.2 0 0 3 6 3 46.1 78.3 2 17.9 80
15.9 21.3 104.3 108 2 1 0 1 0 0 0 4 6.9 1 12.5 2 1 2 74.7 74 2 20.8 70
8 -8.2 101.3 105 2 1 0 0 0 0 0 2 15.5 1 0.5 2 6 2 70.8 90.3 3 19.1 70
47 0 108.8 108.8 3 1 0 0 0 0 0 2 4.5 1 1.8 2 2 2 45.4 98 2 37.1 21
43 17.8 104 94.8 3 1 0 1 0 0 0 1 8.2 1 3.5 2 6 3 37.5 67 1 39.4 45
9.5 -25 125 125 1 1 0 0 0 0 0 1 2.3 0 0 2 2 2 49.7 46.3 2 47.1 70
7.9 45.5 112.5 110 1 0 1 0 0 0 0 1 1.9 0 0 2 4 2 48.1 40 2 74.9 70
38 73.6 120.8 100 3 1 0 0 0 0 1 3 3.3 1 0 3 7 3 59.3 60.3 3 39 68
18.4 10 100 100 1 1 0 1 0 0 0 1 11.1 1 4.5 3 6 1 65.9 83.5 2 84.6 50
12.5 70 104.3 99 2 0 1 0 0 0 0 1 1.5 0 0 3 4 2 48 89.3 3 20.5 80
38.3 11.3 100 100 2 0 0 0 0 0 0 2 8.9 0 42.5 2 3 2 65.1 79.8 1 45.3 70
32.3 26.3 100 90.5 1 0 1 0 0 0 0 2 4.9 0 0 2 6 3 44.9 80.3 3 27.8 90
11.3 21.8 104.3 97 2 0 1 0 0 0 0 3 6.4 0 3 3 6 2 26.6 90 1 23.2 50
49.8 20 100 100 3 1 0 1 0 0 0 1 1 1 0 2 3 2 50.9 78 1 74.2 41
33 32.5 107.3 102 2 0 0 0 0 0 0 2 4.2 0 28 1 6 2 31.9 77.5 2 21.4 98
64.7 0 101.8 96 3 1 0 0 0 0 0 1 1.3 1 0 3 6 3 51.8 93 2 43.9 70
29 -10 100 106 1 1 0 0 0 0 0 1 1 1 6 1 4 3 32.5 50.3 3 44.1 70
18.5 65.3 104 100 3 1 0 0 0 0 0 3 6.3 1 0 3 7 3 74 78.8 3 45.5 64
23.7 19.8 104.8 100.3 2 1 0 0 0 0 1 2 9.1 1 10.8 2 7 2 39.9 55.8 3 47.8 38
29 35.8 103.5 95.5 3 0 0 0 0 0 0 3 4.2 0 0 3 6 3 63.9 105.5 2 40.5 74
13 39.5 103.3 100 2 0 0 0 0 0 0 3 4.1 0 0 2 6 2 54.3 110 2 31.6 70
3.8 0 105 100 1 0 0 0 0 0 0 3 6.3 0 0 2 6 2 60.9 62.3 2 16.4 0
6 37.5 98.8 100 2 0 0 0 0 0 0 4 5.3 0 0 2 6 2 71.4 101 3 35.3 0
8.8 52 105 100 3 0 1 0 0 0 0 4 5.3 0 0 3 6 1 58.4 106.1 2 34.1 73
15 0 108.8 108.8 1 1 0 0 0 0 0 1 4.5 1 0 1 3 2 45.6 98 2 40.1 21
9.3 2.5 103.8 102.8 3 0 0 0 0 0 0 3 20.1 0 11.3 2 7 2 56.6 50 2 119.3 0
10.1 59 103 98 2 0 1 0 0 0 0 3 4 0 0 2 6 2 59.3 110 2 39 69
43.3 -10.5 100 103.3 3 1 0 1 0 0 0 1 2.2 1 0.4 2 4 2 20 78.3 2 44.8 88
5.9 22.5 104.5 100 2 1 0 0 0 0 0 4 10.1 1 0 3 7 2 58 78.8 3 33.1 15
18.3 0 110 102.5 2 1 0 0 0 0 0 1 5.4 1 0 2 4 2 45.7 98 1 35.8 21
9.5 -25 95 86.3 2 0 1 0 0 0 0 2 4.6 0 1.3 3 2 3 58.3 84.5 3 35 25
25.5 65 101.3 90 2 0 1 0 0 0 0 2 4.3 0 0 3 4 3 58.3 62 3 35.9 25
71.8 26.3 101.3 98 3 1 0 1 0 0 0 1 3.5 1 1 3 5 3 67 91 3 42.8 72
75 68.8 96.3 92 3 1 0 1 0 0 1 1 1 1 7.5 2 2 3 85.1 95 2 116.2 0
50.2 0 100 96.3 1 1 0 0 0 0 0 1 11 1 4 2 5 2 51.9 80 2 48.2 0
22.3 7 102.5 113.8 2 0 0 0 0 0 0 2 7.5 0 0 3 4 2 45.2 98 1 30.3 21
14.2 28.3 101.8 99.8 2 0 0 0 0 0 0 4 7.7 0 23.8 2 6 2 62.2 96.3 2 28.8 95
25.8 61.3 115 98.5 3 1 0 0 0 0 0 3 5.3 1 0 3 7 3 67 90.8 2 32.4 98
38.8 37.8 102.8 99 3 1 0 0 0 0 0 3 4.5 1 0 3 7 3 68.9 94.5 2 29.7 95
36.3 37 105 99 3 1 0 0 0 0 0 3 5.2 0 0 3 5 3 67.6 89.8 2 35.3 95
3.5 12.5 100.8 96.3 2 0 1 0 0 0 0 3 4 0 0 2 6 1 59.6 86.3 1 16.3 60
11 57.5 105 110 2 1 0 0 0 0 0 2 5.3 1 0 2 7 2 29.6 90 3 33.9 100
29.5 -17.7 94.8 105 1 1 0 0 0 0 1 1 7.6 1 1 2 7 2 77.8 110 1 97.7 0
66.8 18.8 96.5 90 2 1 0 0 0 0 1 1 7.5 1 0 2 6 2 67.9 110 1 100.1 0
10.5 -13.7 103.8 110 2 0 0 0 0 0 0 1 7.1 0 8 1 7 2 50.9 110 1 105.4 0
38.1 25.8 101.5 98.8 3 1 0 0 0 0 0 2 15.1 1 7.5 2 6 2 50.9 84.8 3 37.9 30
60 32.5 103.8 97 3 0 1 0 0 0 0 1 12.5 0 35 2 5 2 54.5 94.3 3 39 0
38.2 41.8 102.5 98 3 1 0 1 0 0 0 2 10.4 1 0 3 4 2 51.4 94.8 3 47.7 20
21.3 21.8 104.3 99 2 0 1 0 0 0 0 3 9.7 0 0 2 6 2 50.4 98.8 3 30 60
9.4 0 100 114 2 0 1 0 0 0 0 1 2.8 0 0 2 6 2 43.3 96.3 2 32.6 50
5.1 20 103 114 2 0 1 0 0 0 0 3 2.5 0 0 2 6 2 42.9 96.3 2 35.6 50
6.2 -17.5 108 125 1 0 1 0 0 0 0 1 1.8 0 0 2 1 2 56.6 89 2 94.2 50
10.5 -13.7 100 125 1 0 1 0 0 0 0 1 1 0 0 2 3 2 56.5 89 2 140 0
11 15 101 102 2 0 1 0 0 0 0 3 2.3 0 3.8 2 5 3 49.6 100 2 31.1 68
19 -19 105.8 113 1 0 1 0 0 0 0 3 13.4 0 4.3 2 4 1 56.3 51.3 1 44.9 0
37.4 41.3 104 100.5 2 0 0 0 0 0 0 4 4 0 14 2 6 2 30.9 74.5 3 19.5 0
38.9 20 100 95 3 1 0 0 0 0 0 3 2.7 1 0 3 6 3 54.6 75.3 2 26.5 35
38.9 30 100 100 3 1 0 1 0 0 0 3 8.1 1 0 2 7 2 46.8 61 3 55.1 0
24.3 35.8 103.5 95.5 3 0 0 0 0 0 0 3 4.5 0 0 3 6 3 62.2 95.3 2 20 74
4.3 32.3 99.8 100 3 0 0 0 0 0 0 4 5.4 0 0 2 6 1 79.7 96.6 2 24.7 0
53.9 15 105.6 95 3 1 0 1 0 0 0 2 11.3 1 0 2 6 3 53.2 60.5 2 21.2 95
14.3 19.3 117 104.5 1 1 0 0 0 0 0 2 6.4 1 3.5 1 7 2 45.4 57.3 2 28.7 78
15.2 -22.5 112 105 1 1 0 0 0 0 0 2 6.9 1 4.8 2 7 2 45.8 60 3 26.8 73
21.8 53 108.3 100 2 1 0 0 0 0 0 2 6.8 1 0 2 7 2 45.9 60.8 2 28.5 73
37.5 20 105 100.3 3 0 1 0 0 0 0 4 6.1 0 6.3 3 7 2 42.9 92.8 2 10 90
37.1 36.5 106 106 2 1 0 1 0 0 1 2 4.3 1 14.5 2 6 2 45.7 75.5 2 46.6 0
10.8 5.5 100 98.5 1 0 1 0 0 0 0 1 4.9 0 17.1 1 4 1 39.9 72.6 3 32 72
13.5 50 121.3 112.5 1 0 1 0 0 0 0 2 6.9 0 0.3 1 6 2 50.7 55.8 1 49 65
8.6 -20 100 100 1 1 0 1 0 0 0 3 1 1 0 1 5 2 20 69.2 1 10 90
9.9 -13.7 100 106 2 0 1 0 0 0 0 2 1.9 0 0 2 6 2 56 82.5 2 54 75
62 85 115 95 1 1 0 0 0 0 0 1 4.9 1 0.5 1 7 2 46.9 70.3 2 19 95
7 -0.5 105 96.5 1 0 0 0 0 0 0 3 14.7 0 5.3 1 6 1 58.7 79 2 29 59
38.3 62.5 118.8 110 1 1 0 1 0 0 0 4 2.3 1 0.3 3 6 3 49.7 73 2 16.9 95
38.7 26.3 95.3 101.8 2 0 0 0 0 0 0 1 7.6 0 5 2 7 2 77 110 1 104.8 0
75 16.3 105.5 97.5 1 1 0 1 0 0 0 1 4.9 1 15.8 1 7 1 74.1 80 2 67.1 0
30.6 54 105 100 2 1 0 0 0 0 0 2 5.3 1 0 2 7 2 29.6 90 3 33.9 100
9.8 23 95.9 99 2 1 0 1 0 0 0 2 7.8 1 0 3 7 2 57.3 100 2 28.8 0
7.3 14.3 100 110 2 1 0 0 0 0 0 3 8.9 1 7.3 2 8 2 33.4 100 2 23.3 80
75 70 110 100 2 1 0 0 0 0 0 1 3.9 0 0 2 4 3 67.8 54.3 1 50 0
23 31.3 112.5 103.5 2 1 0 0 0 0 0 1 3.8 0 0 2 2 1 68.5 54.3 1 28.5 0
8.9 -8.5 98.5 103.8 3 0 0 0 0 0 0 4 2.9 0 1.5 3 7 2 81.2 90.5 3 107 30
8.3 0 100 100 2 1 0 0 0 0 0 3 1 1 0 3 4 2 58.9 82 3 127.3 50
19.8 -10 100 100 1 0 1 0 0 0 0 3 4.2 0 31.8 1 6 2 61 95.9 2 22.4 0
22.3 28.8 110 96 2 0 0 0 0 0 0 3 5.8 0 4 3 7 3 51.9 80.3 3 45.4 0
39.1 10 101 95.8 1 1 0 0 0 0 0 1 7.1 1 0 2 6 2 42.6 86.2 3 31 0
45.5 37.8 113.5 98.3 3 1 0 0 0 0 0 2 8.1 1 2.3 2 8 2 38.3 79.5 2 31.1 80
8.6 0.5 100 120 2 0 0 0 0 0 0 3 13 0 15.5 2 8 1 33.4 67 2 16.6 80
3 -12.2 110 108.8 1 0 0 0 0 0 0 4 15.1 0 18.3 1 6 1 54.5 61.3 2 33.5 0
16.3 18.3 102.3 100 2 0 1 0 0 0 0 3 3.7 0 0 3 6 2 60.7 76.6 2 31.9 64
16 0 95 105 2 1 0 1 0 0 1 2 12.7 1 0 2 6 2 22.1 80.3 2 74.6 8
18.8 11.3 101.3 102 2 1 0 0 0 0 0 1 3.2 1 0 2 3 2 51.8 67.3 1 137.7 20
61.8 26.3 101.8 102 2 1 0 0 0 0 0 2 2.6 1 57.5 2 3 2 51.3 90 1 96.1 20
66.5 25 102 98.8 2 1 0 0 0 0 0 1 1.2 1 0 3 2 2 31 61 3 22.3 0
22 12.5 110.8 107 3 0 1 0 0 0 0 2 9 0 5 2 6 2 29.8 61.8 3 18.8 0
37.5 20.5 110 95 3 1 0 1 0 0 0 4 4.8 1 9 3 7 3 47.9 93.8 3 46.2 51
24.8 17.5 110 115 3 0 1 0 0 0 0 2 6.5 0 35 3 6 2 51.2 82.8 1 35.2 37
28.5 60 102 99.4 3 1 0 1 0 0 0 2 8.6 1 6 3 7 1 71 71.5 2 23.9 0
6.7 57 105 105 1 1 0 0 0 0 0 3 1.2 1 3.8 1 2 2 54.7 83.8 1 45.2 0
21.6 30 100 99.5 2 1 0 0 0 0 0 2 2.8 1 0 2 4 2 46.7 97 2 52.3 77
15.8 15 101.8 101.3 2 0 0 0 0 0 0 3 3 0 0 2 6 2 44.7 95.8 1 84.6 77
15.3 -15 102 120 1 0 1 0 0 0 0 2 2.1 0 0 2 6 2 32.5 45.3 2 36.6 70
7.9 45.5 112.5 110 1 0 1 0 0 0 0 1 1.9 0 0 2 4 2 32.4 40 2 74.9 70
16.6 22 102 100 2 0 1 0 0 0 0 3 3.9 0 0 3 6 2 64.5 73.1 2 40 64
12 -12 125 125 1 0 0 0 0 0 0 2 1.6 0 13.8 2 2 2 70.4 55 3 34.6 80
11.5 14 102 104 2 0 1 0 0 0 0 3 3 0 9 1 6 2 36.4 77.8 2 57.5 82
49.5 30.5 101.8 112.8 3 0 1 0 0 0 0 3 2.4 0 0 3 6 2 37.5 74.1 2 58.3 70
13.1 31.3 100 102 3 0 1 0 0 0 0 4 2.5 0 0 1 5 1 41.2 57.3 1 36.4 68
21.2 4 100.1 103.5 1 0 1 0 0 0 0 1 2.5 0 0 2 4 1 40.8 40 1 32 68
18.1 5.8 101.6 107.5 2 0 1 0 0 0 0 2 2.5 0 0 1 6 2 34.2 63.9 1 39 68
8.9 -10 100 104.5 2 0 1 0 0 0 0 2 1.8 0 0 2 6 2 60.5 69.4 2 45.8 75
18 -7.5 100 108.8 1 0 1 0 0 0 0 1 2.2 0 0 2 6 2 55.5 70.8 2 135 75
22.9 -25 100.8 108.8 1 0 1 0 0 0 0 1 2.1 0 0 2 6 2 52.2 77.6 2 140 75
15.2 -5 100 108.8 1 0 1 0 0 0 0 2 2.3 0 0 2 6 1 51 87.5 2 107.5 75
34.6 12.5 101 100 2 0 1 0 0 0 0 1 1.8 0 0 2 5 2 43.9 70.5 2 54.3 71
24.5 23.1 101.2 100.8 3 1 0 1 0 0 0 1 2.9 1 4.3 3 6 2 40 88.4 2 28.8 85
34.2 80 103.8 115 3 1 0 0 0 0 0 3 2.7 1 0 3 5 3 38.6 85.5 2 23.7 85
19.3 2.1 100 117.8 2 1 0 0 0 0 0 2 2.3 1 5 2 6 2 53 99.5 1 29.5 70
14.1 50 105.8 105.3 3 1 0 1 0 0 1 3 4.3 1 30 2 6 2 30.6 70.8 3 19 85
54 31.3 110 98 3 1 0 0 0 0 0 1 1 1 0 2 1 2 74.8 73.8 2 99.5 0
17.8 2.8 100.3 101.3 3 1 0 0 0 0 0 3 2.6 1 1.8 2 7 3 36.9 92.3 2 31.9 90
8.9 -10 100 100 1 1 0 0 0 0 0 1 2.7 1 0 1 3 1 40.2 79.5 2 10 85
17.1 7.5 100 102.8 2 0 1 0 0 0 0 2 2.7 0 0 1 6 2 62.4 83 1 19.1 95
16.2 4.3 121 103.5 3 1 0 0 0 0 0 4 9.9 1 1.4 3 7 2 48.9 72.3 1 26.6 55
9.6 -11.2 103.5 100 1 1 0 0 0 0 0 2 5.1 1 0.4 2 6 1 39.9 65.8 2 10.6 85
24 -10 100 104 2 1 0 0 0 0 0 1 3 1 0 2 4 2 40.1 87 2 14.3 85
26.5 7.5 105.8 100 3 0 1 0 0 0 0 1 10.5 0 4 1 7 1 59.7 42.5 2 45.6 40
28.5 76.3 107.8 100 3 1 0 1 0 0 1 3 3.6 1 52.5 3 6 2 29.3 70.8 3 35.8 85
21.3 9.3 102 100 3 1 0 0 0 0 0 3 9.5 1 0.5 2 7 3 44 75.8 2 46.6 74
29.2 25.3 102.5 100 2 0 1 0 0 0 0 1 1.7 0 0 2 4 2 37.6 87.5 2 129.8 72
18.6 20 103.3 107.5 2 0 1 0 0 0 0 1 2.3 0 0 2 5 2 41.7 62.5 2 60.3 73
8.2 6.3 101 107.5 1 0 0 0 0 0 0 3 3.6 0 1.3 2 6 2 49.1 77.8 2 55.1 74
36.4 37.5 101.8 108 3 0 1 0 0 0 0 3 3.2 0 0 3 6 2 35.8 83.6 3 54.5 70
38.4 31.3 101.8 111.5 2 0 1 0 0 0 0 3 2.2 0 0 2 5 2 37.4 74.1 2 50.5 70
12.5 20 100.8 111.5 2 0 1 0 0 0 0 2 2.6 0 0 2 4 2 36.9 74.1 2 39.7 70
20.9 27 105 103 2 0 1 0 0 0 0 2 4.6 0 0 2 7 1 44.8 88.2 3 41.2 68
10.1 34.5 104.8 102.8 2 1 0 0 0 0 0 4 18.8 1 0 2 8 2 44.2 86.5 2 35.9 40
12.8 -18 100 101 1 0 1 0 0 0 0 2 1.2 0 0 2 5 2 43.4 93.4 2 65.8 71
23.5 10.8 110 100 2 1 0 0 1 0 1 2 4.8 1 0 2 7 2 45.8 93 2 47.1 64
40.5 25 107 95 3 1 0 0 1 0 1 2 5.1 1 0 2 7 2 63.7 101 2 55.3 64
19.8 12 102.8 98 2 0 1 0 0 0 0 2 5.9 0 0 2 6 2 52 93 2 59.6 64
60.8 28 110 97 3 0 1 0 0 0 0 2 6 0 0 3 7 2 54.3 87.5 2 63.2 64
10.5 2.3 102 100 1 0 0 0 0 0 0 2 6.9 0 5.3 2 6 1 55.7 69.5 2 55.8 64
28 14.5 107.3 105 1 0 1 0 0 0 0 2 4.9 0 0 3 7 2 65.2 101 3 55.8 64
19.8 12 107 106 2 0 1 0 0 0 0 3 6 0 0 2 7 2 55.2 99.5 3 53.9 64
26.5 37 102 100 2 0 1 0 0 0 0 2 6.3 0 0 2 6 2 55.7 65 1 62.3 64
33.3 15.8 102 95 2 0 1 0 0 0 0 2 4.8 0 0 2 7 2 54.1 110 2 68.3 64
2.6 28 92 110.5 1 0 0 0 0 0 0 2 3.8 0 0 2 7 1 63.4 45.4 2 31.5 90
24 43.5 108.5 115 2 1 0 0 1 0 0 2 11.9 1 3.8 2 7 2 52.8 68.8 3 52.9 66
19.2 60 125 115 3 0 1 0 0 0 0 2 13.9 0 8.3 2 6 2 49.2 99.2 3 10 0
19.2 60 125 115 2 0 1 0 0 0 0 2 13.1 0 8.3 2 6 2 51.8 99.2 3 10 0
13 -10 102 106 1 0 1 0 0 0 0 2 8.8 0 0.5 1 6 2 48.1 42.8 2 18.1 10
23.2 2.5 100 100 3 1 0 0 0 0 0 3 5 1 0 2 7 2 32.3 93 1 24.1 60
4 12.5 104 106.3 2 1 0 0 0 0 0 3 16.6 0 1 1 6 2 71.5 71.7 3 24.6 70
27 -25 98.8 106 1 1 0 0 0 0 0 1 14.8 1 18.8 2 6 1 51.9 93 2 41.5 70
20.5 18.3 104.8 100.3 3 0 1 0 0 0 0 3 12.1 0 29.8 2 6 2 59.9 67.3 2 31.5 82
10 -4.4 101.3 100 2 0 1 0 0 0 0 4 3.1 0 0 3 5 2 45.3 82.8 2 20.7 87
31.4 58.5 112.3 109.5 3 1 0 1 0 0 0 3 6.6 1 3.8 2 6 1 60.6 76.8 3 31.5 25
38 50 102.5 102 2 0 0 0 0 0 0 1 16.6 0 0.5 2 6 2 43.1 72 2 135.9 0
37.3 -25 90 100 1 0 1 0 0 0 0 2 9.7 0 4.8 2 6 2 37.8 79.5 2 42.6 60
7 -25 107.8 105 1 0 1 0 0 0 0 2 12.1 0 0 1 6 1 37.6 79.5 3 48.6 60
8.8 -12 100 100 2 0 0 0 0 0 0 1 5.3 0 35.5 2 2 2 59.7 76.3 1 52.6 10
40 30 113.8 105 2 1 0 0 0 0 0 1 3.5 1 9 2 2 2 60.5 69.3 1 37.8 0
27 15.5 116.3 107.5 3 1 0 0 0 0 0 2 7.5 1 0 2 6 2 50.1 76.3 2 36.1 12
24 48.8 124.5 120.3 3 1 0 0 0 0 0 2 6.8 1 0 3 6 1 49.9 71 1 34.3 12
18.5 -2.5 101.3 103.8 3 1 0 0 0 0 0 2 4.2 1 0 2 6 2 44.8 75.8 1 57 53
25 25.3 101.5 107.5 3 0 1 0 0 0 0 2 3.6 0 0 2 5 3 31.5 79.8 1 73.4 95
25 0 102 103.3 2 0 1 0 0 0 0 2 4.6 0 0 2 7 2 47.4 86.8 1 33.1 70
41 13 103.5 100.3 2 1 0 0 0 0 0 1 8.7 1 2 2 7 3 68.9 66.7 2 35.9 82
7.6 8.5 100 105 1 1 0 0 0 0 0 5 5.9 1 1 2 6 2 85.9 47.5 2 26.4 0
10.7 20.8 100 104 2 0 1 0 0 0 0 2 1.3 0 0 2 4 2 34 89 1 140 23
18.3 28.8 109.3 100 1 1 0 1 0 0 1 2 4 1 0 1 2 3 58.5 72.3 2 33.8 82
33.5 36.3 101.3 96.3 2 0 1 0 0 0 0 1 3.1 0 16.3 2 4 2 38.3 94.3 3 32.1 70
19 30 115 110.8 2 1 0 0 0 0 0 2 21.9 1 0 2 6 2 83.2 70.5 2 47.4 30
17.8 35 117.3 108.3 1 0 1 0 0 0 0 3 19.5 0 0 2 6 2 32.2 73 2 47.9 30
18.2 1 100 101.5 3 0 0 0 0 0 0 3 6.4 0 0 2 5 2 64.1 89.3 3 37.9 25
5.4 -1.2 100 99 2 0 0 0 0 0 0 3 6.6 0 0 2 6 2 68.1 91.5 3 33.7 40
11.3 10 103.8 100 1 0 1 0 0 0 0 4 22.8 0 0.8 2 7 2 64.8 76 2 50.3 70
9.3 -5 122.5 116.3 1 0 1 0 0 0 0 1 21 0 0 2 6 3 79 73.5 2 31.5 30
52.3 35 111.8 100 2 1 0 0 0 0 0 4 11.1 0 6.3 3 8 1 64.9 59.3 3 60.1 0
19.8 10 101.5 100 3 1 0 1 0 0 0 4 10.5 1 12.5 2 7 2 43.2 62.5 3 42.6 40
16.9 10 105 102.3 3 0 1 0 0 0 0 3 3.2 0 11 2 2 2 48.6 69.4 2 40.6 40
25.3 30 100 106.3 3 1 0 1 0 0 1 2 4.4 1 6.5 2 6 2 35.4 40.5 2 44.5 69
1 -11.2 110 115 1 0 0 0 0 0 0 4 20 0 0 1 5 1 69.3 56.3 1 49.6 0
8.3 30 100 95 1 1 0 0 0 0 0 2 3.6 1 7.5 1 3 1 37.2 62 2 40.5 0
22.3 20 100 100 1 1 0 0 0 0 1 2 5 1 0 2 5 2 25.5 73 2 41.1 0
10.3 -2.5 95 100 3 1 0 0 0 0 0 3 14.8 1 0.5 2 6 2 34.5 44.3 1 40.7 0
64.9 2.5 102.5 90 3 1 0 0 0 0 0 2 12.8 0 10 2 6 2 37.4 63.5 3 40.3 0
3 0 100 103.3 2 1 0 0 0 0 0 4 2.9 1 3.5 1 5 2 62.7 95.5 2 30.8 70
2.6 3.5 97.5 102.3 1 0 1 0 0 0 0 4 3 0 3 1 5 2 73.2 88 2 21.9 90
13.6 33.8 106.3 100 3 1 0 0 0 0 1 3 19 1 0 2 8 2 71.3 100 1 37.5 43
10 42 105 100 1 1 0 1 0 0 0 3 3.9 1 5 2 6 2 68.7 84.8 2 24.2 75
7.6 9 102 101 3 0 1 0 0 0 0 3 8.6 0 32.5 2 4 2 25 102.8 2 29.1 43
7 -8.7 115 107.5 3 0 1 0 0 0 0 2 13.5 0 0 2 5 2 65.4 72 3 70 0
6.3 -10 113.8 100 3 0 0 0 0 0 0 3 13 0 0 1 5 2 63.1 68.3 2 36.4 40
7.2 68.8 102.5 102.5 1 1 0 0 1 0 0 3 19.9 1 2.5 1 3 1 29.1 68.5 2 64.5 65
43.5 24.3 103 101.3 3 1 0 1 0 0 0 1 10.2 1 4 2 6 2 47.6 67 2 57.7 0
11.6 20 100 106.8 1 0 0 0 0 0 0 1 16.9 0 3.8 1 7 1 59.4 54.7 1 80.3 0
71.8 40 115 93.8 3 1 0 0 0 0 0 1 12.6 1 0 2 6 2 65.4 59.8 2 55.8 0
15.5 10 100 104 2 1 0 0 0 0 0 3 11.1 1 1.5 2 7 2 55.3 77 2 49 40
39.8 42.5 117.5 101.3 1 1 0 1 0 0 1 1 3.6 0 4.5 2 4 2 42.9 55.8 2 55.3 0
5 15.8 105 100 2 0 0 0 0 0 0 3 13.7 0 10 2 7 2 63.4 77.3 1 79 0
29.9 0 97 91.3 2 0 1 0 0 0 0 1 5.2 0 0 2 4 2 44.2 88 2 29.3 75
23.7 20 116.3 116.3 3 1 0 1 0 0 0 2 8.8 1 4 3 4 3 32.2 41.3 2 39.3 5
4.2 11 108 115 1 1 0 0 0 0 0 4 17.6 1 20 2 7 2 53.9 50.5 1 59.9 47
18.3 37.3 107.3 113.8 3 0 1 0 0 0 0 3 2.3 0 20 2 6 2 88 83 2 34.4 85
1 22.5 101 107.8 3 0 0 0 0 0 0 2 1.9 0 5 1 6 2 28.2 100 1 48.6 85
19.8 37 109.8 113 1 1 0 1 0 0 0 2 2.2 1 10.5 1 6 1 42.4 92 3 57.7 85
1 0 99.8 100 3 0 0 0 0 0 0 2 1.9 0 0 1 5 2 25.3 100 1 60.3 85
7.1 -14.2 98.8 103.8 2 0 1 0 0 0 0 2 6.2 0 0 1 6 3 45.7 85.5 1 19.8 95
40.5 62.5 125 107.5 1 1 0 1 0 0 0 1 8.1 0 1.3 1 3 3 57.6 75.8 2 46.2 85
48.5 -2.5 107.5 125 1 0 1 0 0 0 0 1 13.7 0 0 2 6 2 70.2 45 3 70.2 10
10.5 -10 93.8 95 1 0 1 0 0 0 0 2 6.1 0 11 1 6 2 44.7 48.8 2 123.9 0
9.3 23 108.3 100 3 0 1 0 0 0 0 3 12.5 0 8.8 3 6 1 56.2 77.5 1 40 95
28.2 -10 100 100 2 1 0 0 0 0 0 2 2.8 1 0 2 2 2 73 82.7 2 29.1 90
24.5 32 101.5 100 2 1 0 1 0 0 0 2 2.3 1 0 2 3 2 67.8 82.7 2 38.3 90
10.8 18.3 101 105.8 1 0 1 0 0 0 0 2 6.5 0 58.8 2 6 2 23.5 76 2 21.9 42
40.7 23 100 100 2 1 0 1 0 0 0 2 2.8 1 0 2 2 1 72.9 82.7 2 36.6 90
3.4 4.5 100.5 113.4 2 0 1 0 0 0 0 4 3.4 0 8 1 4 2 43.7 65.5 3 22.3 72
43.8 0 93 100 2 1 0 1 0 0 0 2 2.7 1 0 3 3 2 72.4 82.7 2 28.5 90
43 30 100 100 2 1 0 0 0 0 0 1 4.1 1 0 2 2 2 73 82.7 3 42.2 90
42.4 43 102.5 102 2 1 0 1 0 0 0 1 2.8 1 0 2 3 1 73 82.7 2 27 90
32.3 5 100 97 3 1 0 1 0 0 0 3 2.6 1 3.5 3 7 2 42.4 103.8 2 38.7 20
58.8 25 100 102 2 1 0 1 0 0 0 1 2.8 1 0 2 1 2 72.8 82.7 2 37.5 90
37.3 47 103 100 2 1 0 1 0 0 0 1 2.8 1 0 1 2 1 73.3 82.7 2 29.9 90
74.8 5 103 100 2 0 1 0 0 0 0 1 2 0 0 2 3 2 68.5 93.8 2 97.5 77
24.5 5 100 100 1 1 0 1 0 0 0 2 2.8 1 0 2 6 1 61.8 93.8 2 140 90
9.9 15 102 125 3 1 0 0 0 0 0 5 2.2 1 0 2 6 2 49.5 75.8 3 65.7 70
14 -6.7 100 105 2 0 0 0 0 0 0 1 1 0 0 2 4 2 71.7 92.3 2 32.5 80
34.5 45.5 100.5 104 3 0 0 0 0 0 0 2 1 0 0 2 7 2 62.9 80 3 43.8 95
32.8 21 103.5 95 2 0 1 0 0 0 0 3 1 0 0 2 7 2 53.3 85 2 27.1 95
21.6 7.5 100 97.3 2 1 0 1 0 0 0 4 1.9 1 1.3 2 6 2 86.7 97.8 2 58.9 80
42.8 24 103 103.8 3 1 0 1 0 0 0 1 10 1 3 2 6 2 49.1 63.6 2 52.1 0
6.7 7.5 120 110 3 0 0 0 0 0 0 4 25 0 20 2 6 2 42.8 45.8 1 38.7 15
25.5 7.5 115 110 1 0 1 0 0 0 0 2 13.4 0 0 2 6 2 53.1 75 1 42.4 0
44.5 3 108 95 2 1 0 0 0 0 0 2 15.2 1 0 2 6 2 63.8 68 2 43 40
48.8 77 103 98 3 0 1 0 0 0 0 1 1 0 10 3 6 3 61.5 64.3 2 109.9 30
13.5 30 105 102 2 0 1 0 0 0 0 4 2.7 0 1 2 7 2 43.9 80 2 31.7 33
5 0 102 95 1 0 0 0 0 0 0 2 3.8 0 0 1 6 1 29.6 100 2 61.2 59
14 12 120 102 2 1 0 0 0 0 0 3 9.3 1 0 1 6 3 55.1 73.3 2 24.3 42
53.5 83 103 97 2 0 1 0 0 0 0 1 1.4 0 1 2 4 2 25.1 100 2 113.6 75
75 52 105.3 98.8 2 1 0 1 0 0 0 1 3.2 1 3.8 2 2 2 61 92 3 70.4 0
51.3 41.8 105.3 95 3 1 0 1 0 0 0 1 4.5 1 17.3 3 1 3 60.9 68 3 64.8 10
45 62.5 100.8 100 3 1 0 0 0 0 0 2 8.6 1 7.3 2 7 2 52.1 72.5 3 65.6 0
41.3 26.8 104 103 2 0 1 0 0 0 0 1 5.6 0 24.3 2 5 2 55.5 55.3 2 61.1 15
26 24 102 102 2 0 1 0 0 0 0 2 4.2 0 8.5 2 5 1 54.4 65 2 98.9 20
50 45 105 105 2 0 1 0 0 0 0 2 8.4 0 10.5 2 5 2 52 65 2 37.1 55
37 13.8 102.5 102.5 1 0 1 0 0 0 0 2 2.5 0 7.3 3 6 1 47.8 85.8 2 24 75
15.8 16.7 97.9 100 2 0 1 0 0 0 0 3 7.1 0 3.8 2 6 2 40 95 2 48.1 42
23.7 53 89 85 3 1 0 0 0 0 1 3 5 0 2.5 2 6 2 25 88.8 2 39.7 20
25 40.3 99.8 102.8 3 1 0 0 0 0 1 3 5 1 18.8 2 3 2 22.4 85 2 34.8 20
6.9 16.3 100 100 2 0 1 0 0 0 0 2 1.4 0 0 2 4 2 58 100 2 117.1 43
1.5 7.3 101.8 102.8 1 0 1 0 0 0 0 4 3.6 0 11.8 2 3 1 54.1 56.8 1 36.2 95
1 -19.2 98.3 106.5 1 0 1 0 0 0 0 4 5.3 0 11.8 2 6 1 54 54.3 1 48.2 95
23.8 29.5 110 102 1 1 0 0 0 0 1 2 5.2 1 13.8 2 3 2 48.6 83.8 2 30 95
2.7 -7 114.3 102.8 3 1 0 0 0 0 1 2 7.7 1 32.5 1 6 2 54 78.5 2 40.3 95
4.1 10.8 103 103 2 0 1 0 0 0 0 4 3.8 0 0 2 6 2 39.7 74.8 2 29.1 25
10.8 40.8 102 106 3 1 0 0 0 0 0 3 1 1 0.3 2 5 3 69.8 77.6 3 66.5 70
14.4 40.8 102 102 2 1 0 0 0 0 0 2 1 1 0 2 5 2 69.8 83.5 3 59 70
20.8 26.8 101 107 2 1 0 0 0 0 0 1 1 1 0 1 2 2 52 80.8 2 88.2 70
22 15 101 107 2 1 0 0 0 0 0 2 1.8 1 0 1 2 2 50.3 83.8 2 59.6 70
6 31.8 100 100 2 0 1 0 0 0 0 2 12.8 0 11.5 2 7 2 56.1 70.5 2 64 0
39.9 25 100 100 2 1 0 0 0 0 1 1 12 1 6 2 6 2 65.9 71 1 40 0
12.4 51 106.3 104.8 3 0 1 0 0 0 0 2 2.7 0 4 2 6 2 83.7 64.8 2 116.7 63
17.4 30.3 105 100 2 1 0 0 0 0 0 3 12.2 1 7 2 7 2 59.7 71.1 2 62.7 0
26.3 39.5 102 103 2 1 0 0 0 0 0 2 10.2 1 2 2 6 2 54.1 65 2 62.4 0
14.5 33.3 116.8 105 3 1 0 1 0 0 0 2 4.8 1 5 2 6 2 54.6 61.3 3 59.3 51
44 24.8 108.8 100 2 0 1 0 0 0 0 2 4.7 0 10 2 5 2 27.8 47.5 2 57.9 0
16.3 85 125 100 2 0 1 0 0 0 0 4 20.1 0 7 1 6 3 40.2 40 2 62.7 46
1.2 25 104 100 2 0 1 0 0 0 0 5 20 0 3 2 6 1 39.9 40 2 46.9 60
10.8 31 100 110 2 0 1 0 0 0 0 3 6.7 0 36.5 2 2 2 37.5 55.8 2 57.9 43
19.8 13.6 99.5 101 2 0 1 0 0 0 0 2 1 0 16.3 2 4 2 37.5 93.3 2 69.8 67
10.8 0 100 101 3 0 1 0 0 0 0 2 5.3 0 2.5 2 6 2 48 83.5 2 51.2 0
75 47 104 102 3 1 0 0 0 0 0 1 1 0 0 3 4 3 45.7 40 2 140 40
63.3 0 100 98 2 1 0 0 0 0 0 2 1.1 1 0 2 6 2 51.5 81.6 2 35.1 40
35 7.4 100 100 2 0 1 0 0 0 0 2 5.9 0 0 2 6 2 48.3 83.5 2 21.9 0
50 37.7 101.3 96 3 1 0 0 0 0 0 2 2.7 1 0 3 6 3 44.2 73.5 2 64.7 90
20.8 0 101 98.3 1 1 0 0 0 0 0 1 1 1 0 1 6 1 38 51.9 2 23.3 40
54.5 42 103 101.3 3 1 0 0 1 0 0 1 3.2 0 6.3 3 6 3 65.6 90.8 2 38.1 80
9 0 100.3 100.8 1 1 0 0 0 0 0 1 1.3 1 0 2 2 2 28.2 76.3 3 33.8 90
6.5 6.3 100.3 99.3 2 0 1 0 0 0 0 4 1.2 0 9 2 6 2 62.1 86.5 2 61 30
26.3 -5 97 103 3 0 1 0 0 0 0 1 1.8 0 0 2 4 2 28.1 61.5 2 27.7 90
5 7.7 101 104.3 1 0 0 0 0 0 0 2 3.5 0 0 1 6 1 29.4 100 2 80.6 59
13.3 42.2 104.3 104 3 1 0 0 0 0 1 5 18.7 1 0 2 8 2 73 80 3 38.8 50
28.3 8.5 100 99.8 2 1 0 0 1 0 0 2 5.7 1 10 2 6 2 42.9 71.3 2 50.2 90
24 0 108 85 3 1 0 1 0 0 0 1 10.2 1 5 3 6 3 40.3 87 3 56.5 100
16 20 100 101.3 3 0 1 0 0 0 0 2 3 0 0 2 6 2 49.8 83.5 2 54.5 0
5.5 0 101.3 102 2 1 0 0 0 0 0 5 17.3 1 0 2 7 2 88 40 2 60.4 0
6 56.6 97.6 97.8 2 0 0 0 0 0 0 2 1 0 0 2 1 1 62.6 100 2 127.7 50
9.5 17.9 110.8 108.5 2 1 0 0 0 0 0 3 23.8 1 9 1 7 1 49.3 89.3 2 52 0
40 33 108 101 2 0 1 0 0 0 0 2 3 0 0 2 3 2 25.3 84.3 2 28.5 90
24.7 0 100.5 89 2 0 1 0 0 0 0 1 1 0 0 2 5 2 68.8 79.5 2 50.3 95
6 0 95 98.5 1 0 1 0 0 0 0 3 13.7 0 0 1 5 1 76.2 88 2 102.6 100
20.8 22.2 101.8 102.3 3 1 0 0 0 0 0 1 1.7 1 0 2 3 2 28.3 66.3 3 14.3 90
29.3 0 96.3 102.3 1 1 0 0 0 0 0 2 1.1 1 0 2 1 2 51.1 87.3 2 140 80
49 41.5 103.5 100 3 1 0 1 0 0 0 3 3.8 1 0 2 6 2 26.6 81.3 2 95.6 20
13.3 0 95.5 98.5 2 0 1 0 0 0 0 2 2 0 15 2 3 1 67.8 92.5 1 78.8 0
15 18.9 100 101 2 0 1 0 0 0 0 1 7.2 0 0 2 6 2 46.9 83.5 2 89.4 0
65.5 46.7 105 106.5 3 1 0 0 1 0 0 1 8.9 0 3 3 7 2 55.6 80 3 38.4 0
8.5 0 97 100 1 0 1 0 0 0 0 3 13.6 0 0 1 5 1 76.3 88 1 102.2 100
26.8 4.6 105.8 96.3 1 1 0 1 0 0 1 1 11 1 0 2 7 2 63.2 75.5 2 46.4 98
43.5 0 100.3 95 1 0 1 0 0 0 0 2 5.3 0 0 2 6 2 66.7 90.5 2 140 40
37.3 0 101 102 3 1 0 1 0 0 0 2 11 1 3.8 3 5 2 49.7 75 2 140 80
34.5 11.1 125 97.3 3 1 0 1 0 0 0 3 3.4 1 8.3 3 5 3 69.8 92.5 2 97 90
30 0 97.5 97.3 2 1 0 0 0 0 0 1 1.4 1 0 3 4 3 28.4 76.3 3 43.2 90
43.3 0 101 100 3 0 1 0 0 0 0 2 5.3 0 0.5 3 6 2 42.4 83.5 2 75.4 0
23.3 -23.5 112.6 116.4 3 1 0 0 0 0 0 1 1 0 0 3 3 1 51 40 2 140 40
44.3 46.7 107 99.5 3 1 0 0 0 0 0 2 9.3 1 4.5 3 7 3 67.6 77 2 41.5 60
75 46.6 125 98.3 2 1 0 0 0 0 0 1 1 0 0 2 3 2 47 40 2 140 40
25 -4.5 109 101 2 0 1 0 0 0 0 2 2.9 0 0 2 4 2 28.1 61.5 2 25.3 90
10.3 0 119.8 109 3 1 0 1 0 0 0 5 25 1 14.8 2 7 2 50.4 71 2 84.3 80
21.5 -8 104 125 1 0 1 0 0 0 0 2 1.8 0 0 2 5 2 64.1 92 1 25 95
25.3 0 110.3 106.5 2 0 1 0 0 0 0 2 7.2 0 0 2 6 2 62.8 87 2 140 100
37 41 97 93.3 3 0 1 0 0 0 0 2 1 0 0 2 4 2 68.7 103 2 41.1 40
10.3 10.6 96 101.8 2 0 1 0 0 0 0 3 1.3 0 10 2 6 1 49.8 85.2 3 28.1 60
27 -17.5 102 100 3 0 1 0 0 0 0 2 6.4 0 30 2 6 1 51.9 66.8 2 64.5 70
33.8 50 98.5 94.8 1 0 1 0 0 0 0 1 5.2 0 0 1 4 3 20 75 2 123.3 100
8.8 0 100 97.8 1 0 1 0 0 0 0 1 6.3 0 0 2 6 1 37.9 76.8 1 140 80
4.5 23.6 101.3 99 1 1 0 0 0 0 0 3 1 1 9.5 1 6 2 37.4 91 2 77.9 90
10 -25 96 101 2 0 1 0 0 0 0 1 3.5 0 0 2 2 2 20 84.3 2 32.2 90
22 32.4 104 102 3 0 1 0 0 0 0 4 5.8 0 0.5 2 3 2 48 77.5 2 140 80
28.3 29.7 97.8 103 3 1 0 0 0 0 1 1 4.8 1 0 2 6 2 53.9 90 2 32.4 95
75 36.7 120 94.5 3 1 0 1 0 0 0 1 13 1 0 2 1 2 52 71 1 56.1 80
