edu hr wage famearn selfempl salaried  married numkid age locunemp
14.0 1924.0 8.8 35809.6 1.0 0.0 1.0 2.0 38.0 5.4 
14.0 2717.0 8.2 39843.0 0.0 0.0 1.0 2.0 39.0 4.6 
14.0 2844.0 3.2 21504.5 1.0 0.0 1.0 1.0 40.0 4.5 
13.0 1480.0 17.4 27197.3 0.0 1.0 1.0 0.0 31.0 7.8 
13.0 2005.0 15.7 33289.8 0.0 0.0 1.0 0.0 32.0 7.2 
13.0 2120.0 17.7 43754.6 0.0 0.0 1.0 0.0 33.0 6.7 
11.0 0.0 15.6 2763.8 0.0 0.0 1.0 0.0 56.0 7.8 
11.0 1535.0 13.6 20951.6 0.0 0.0 1.0 0.0 57.0 9.7 
11.0 1440.0 15.4 22161.4 0.0 0.0 1.0 0.0 58.0 10.8 
12.0 3064.0 11.4 57679.9 0.0 1.0 1.0 2.0 49.0 9.1 
12.0 4296.0 9.0 64513.5 0.0 1.0 1.0 2.0 50.0 9.0 
12.0 3857.0 7.0 49550.7 0.0 1.0 1.0 2.0 51.0 8.1 
12.0 1672.0 12.2 30882.8 0.0 1.0 1.0 1.0 43.0 9.1 
12.0 1988.0 9.4 28517.5 0.0 1.0 1.0 1.0 44.0 9.0 
12.0 2016.0 9.6 29434.9 0.0 1.0 1.0 1.0 45.0 8.1 
12.0 2420.0 13.4 34247.5 0.0 0.0 1.0 0.0 53.0 8.6 
12.0 2580.0 12.6 33289.8 0.0 0.0 1.0 0.0 54.0 7.9 
12.0 2600.0 15.5 40345.1 0.0 0.0 1.0 0.0 55.0 6.7 
14.0 2410.0 24.4 58881.6 0.0 1.0 1.0 3.0 37.0 6.0 
14.0 2160.0 35.6 76822.6 0.0 1.0 1.0 3.0 38.0 6.5 
14.0 2220.0 26.6 59131.2 0.0 1.0 1.0 3.0 39.0 5.9 
12.0 2703.0 1.9 22260.8 1.0 0.0 1.0 1.0 33.0 7.1 
12.0 2500.0 6.4 35149.8 1.0 0.0 1.0 1.0 34.0 6.8 
12.0 2783.0 2.2 25447.0 1.0 0.0 1.0 1.0 35.0 6.2 
14.0 2328.0 19.7 45807.5 0.0 1.0 1.0 0.0 57.0 9.3 
14.0 2040.0 20.3 41321.2 0.0 1.0 1.0 0.0 58.0 9.5 
14.0 2290.0 15.9 36304.9 0.0 0.0 1.0 0.0 59.0 9.3 
14.0 2058.0 20.4 42058.3 0.0 1.0 1.0 3.0 42.0 7.2 
14.0 1928.0 21.1 40739.3 0.0 1.0 1.0 3.0 43.0 6.5 
14.0 1999.0 20.5 40921.3 0.0 1.0 1.0 2.0 44.0 6.3 
17.0 2490.0 16.2 47465.8 0.0 1.0 1.0 0.0 26.0 9.3 
17.0 2227.0 19.1 42485.2 0.0 1.0 1.0 1.0 27.0 9.5 
17.0 2359.0 19.5 46027.6 0.0 1.0 1.0 1.0 28.0 9.3 
12.0 2214.0 16.4 36290.3 0.0 1.0 1.0 2.0 32.0 6.3 
12.0 2178.0 18.7 47723.1 0.0 1.0 1.0 2.0 33.0 6.0 
12.0 2254.0 20.2 52278.2 0.0 1.0 1.0 2.0 34.0 5.3 
4.0 1932.0 9.9 30227.9 0.0 0.0 1.0 1.0 54.0 8.6 
4.0 1952.0 9.5 31631.1 0.0 0.0 1.0 1.0 55.0 8.0 
4.0 1920.0 8.0 29011.0 0.0 0.0 1.0 1.0 56.0 8.0 
14.0 1864.0 17.6 38152.9 0.0 0.0 1.0 2.0 48.0 7.8 
14.0 1738.0 21.4 39714.9 0.0 0.0 1.0 2.0 49.0 7.2 
14.0 2115.0 16.7 40345.1 0.0 0.0 1.0 2.0 50.0 6.7 
9.0 1945.0 13.6 63688.3 0.0 0.0 1.0 0.0 49.0 6.3 
9.0 1840.0 14.9 64123.6 0.0 0.0 1.0 0.0 50.0 6.0 
9.0 1970.0 13.3 65347.8 0.0 0.0 1.0 0.0 51.0 5.7 
11.0 3760.0 9.6 47585.9 0.0 0.0 0.0 0.0 58.0 6.2 
11.0 2133.0 17.5 46559.1 0.0 0.0 1.0 0.0 59.0 5.7 
11.0 2263.0 16.6 48868.8 0.0 0.0 1.0 0.0 60.0 5.0 
16.0 2196.0 18.1 39654.9 0.0 0.0 1.0 3.0 35.0 11.1 
16.0 1750.0 28.5 49934.7 0.0 0.0 1.0 3.0 36.0 8.9 
16.0 1715.0 30.9 52960.1 0.0 0.0 1.0 4.0 37.0 9.8 
17.0 1388.0 18.2 57827.7 0.0 1.0 1.0 0.0 38.0 6.5 
17.0 1440.0 18.6 62010.9 0.0 1.0 1.0 0.0 39.0 5.9 
17.0 1524.0 22.6 87566.0 0.0 1.0 1.0 0.0 40.0 6.0 
16.0 1800.0 12.7 28379.7 0.0 1.0 1.0 1.0 41.0 6.1 
16.0 2080.0 7.7 23628.8 0.0 1.0 1.0 1.0 42.0 5.4 
16.0 2048.0 11.6 30853.2 0.0 1.0 1.0 1.0 43.0 5.3 
15.0 2186.0 27.5 88923.2 0.0 1.0 1.0 0.0 45.0 5.0 
15.0 2272.0 34.1 107668.0 0.0 1.0 1.0 0.0 46.0 5.6 
15.0 1828.0 41.0 119402.3 0.0 1.0 1.0 0.0 47.0 5.0 
14.0 876.0 15.6 36530.6 1.0 0.0 1.0 1.0 47.0 7.2 
14.0 2295.0 7.6 38411.3 0.0 0.0 1.0 1.0 48.0 7.9 
14.0 960.0 24.9 45459.3 1.0 0.0 1.0 1.0 49.0 8.7 
16.0 2286.0 21.6 65662.6 1.0 0.0 1.0 2.0 39.0 5.9 
16.0 2370.0 7.9 21166.9 1.0 0.0 1.0 2.0 40.0 7.0 
16.0 2268.0 11.9 28355.3 1.0 0.0 1.0 2.0 41.0 8.9 
17.0 2090.0 35.0 85077.9 0.0 1.0 1.0 0.0 53.0 7.8 
17.0 2024.0 42.0 96610.2 0.0 1.0 1.0 0.0 54.0 7.2 
17.0 2156.0 34.3 98874.0 0.0 1.0 1.0 0.0 55.0 5.0 
17.0 1944.0 18.5 98536.5 0.0 1.0 1.0 0.0 29.0 7.2 
17.0 2220.0 17.9 100335.0 0.0 1.0 1.0 0.0 30.0 6.5 
17.0 2000.0 19.9 98874.0 0.0 1.0 1.0 0.0 31.0 6.3 
16.0 5140.0 23.4 146603.2 0.0 1.0 1.0 2.0 47.0 4.6 
16.0 2563.0 29.5 102430.1 0.0 1.0 1.0 1.0 48.0 4.9 
16.0 2541.0 41.2 134105.0 0.0 1.0 1.0 1.0 49.0 3.8 
12.0 1548.0 1.5 2403.3 0.0 0.0 0.0 2.0 53.0 4.8 
12.0 1650.0 3.6 5920.0 0.0 0.0 0.0 0.0 54.0 3.9 
12.0 728.0 9.8 7131.4 0.0 0.0 0.0 0.0 55.0 3.8 
12.0 2080.0 10.2 21269.5 1.0 1.0 1.0 3.0 31.0 8.6 
12.0 1920.0 10.7 20602.4 1.0 1.0 1.0 3.0 32.0 7.9 
12.0 1575.0 12.8 20115.8 1.0 1.0 1.0 3.0 33.0 6.7 
13.0 1957.0 14.7 38477.3 0.0 1.0 1.0 0.0 51.0 8.6 
13.0 2490.0 13.9 43882.0 0.0 1.0 1.0 0.0 52.0 7.9 
13.0 1974.0 16.7 39731.4 0.0 1.0 1.0 0.0 53.0 6.7 
12.0 2000.0 10.5 21066.4 0.0 0.0 1.0 0.0 55.0 9.4 
12.0 1776.0 12.8 22697.6 0.0 0.0 1.0 0.0 56.0 8.9 
12.0 1800.0 12.6 22729.7 0.0 0.0 1.0 0.0 57.0 8.1 
14.0 1920.0 20.3 45254.7 0.0 1.0 1.0 2.0 54.0 11.2 
14.0 2695.0 14.7 45751.3 0.0 1.0 1.0 2.0 55.0 9.9 
14.0 2500.0 22.7 64779.5 0.0 1.0 1.0 1.0 56.0 8.8 
17.0 2160.0 27.8 65454.7 0.0 1.0 1.0 1.0 31.0 4.8 
17.0 1945.0 32.3 66534.2 0.0 1.0 1.0 2.0 32.0 3.9 
17.0 2294.0 28.2 64779.5 0.0 1.0 1.0 2.0 33.0 3.8 
13.0 1956.0 22.0 44897.8 0.0 1.0 1.0 2.0 40.0 9.1 
13.0 1980.0 21.4 43649.2 0.0 1.0 1.0 2.0 41.0 9.0 
13.0 1964.0 33.3 66230.8 0.0 1.0 1.0 2.0 42.0 8.1 
15.0 2450.0 27.0 66692.4 0.0 1.0 1.0 2.0 54.0 5.2 
15.0 2205.0 19.5 43067.2 0.0 0.0 1.0 1.0 55.0 7.1 
15.0 2585.0 14.5 42049.9 0.0 1.0 1.0 1.0 56.0 8.2 
12.0 2600.0 6.9 24033.3 0.0 0.0 1.0 1.0 27.0 6.3 
12.0 2680.0 5.4 23595.0 0.0 0.0 1.0 1.0 28.0 6.0 
12.0 2495.0 2.6 12968.4 1.0 0.0 1.0 1.0 29.0 5.7 
17.0 1984.0 29.1 57915.4 0.0 0.0 1.0 0.0 53.0 7.8 
17.0 1952.0 32.2 63083.0 0.0 1.0 1.0 0.0 54.0 7.2 
17.0 1944.0 35.1 68365.1 0.0 1.0 1.0 0.0 55.0 6.7 
12.0 2035.0 7.6 15549.5 0.0 1.0 0.0 0.0 33.0 6.7 
12.0 2024.0 8.4 16994.1 0.0 1.0 0.0 0.0 34.0 5.4 
12.0 1872.0 9.5 17786.0 0.0 1.0 0.0 0.0 35.0 5.3 
17.0 1786.0 33.7 84116.6 1.0 0.0 1.0 0.0 58.0 9.1 
17.0 2133.0 8.8 36161.3 1.0 0.0 1.0 0.0 59.0 9.0 
17.0 2208.0 20.6 57807.2 1.0 0.0 1.0 0.0 60.0 8.1 
10.0 2400.0 10.0 28840.0 0.0 0.0 1.0 2.0 40.0 6.2 
10.0 2080.0 12.3 37247.3 0.0 1.0 1.0 1.0 41.0 5.7 
10.0 2600.0 8.7 35231.0 0.0 1.0 1.0 0.0 42.0 5.0 
16.0 2058.0 21.0 43259.9 0.0 1.0 0.0 0.0 37.0 5.9 
16.0 2205.0 21.1 46559.1 0.0 1.0 0.0 0.0 38.0 7.0 
16.0 2169.0 21.5 46595.8 0.0 1.0 0.0 0.0 39.0 8.9 
15.0 3120.0 5.7 17811.1 1.0 0.0 1.0 2.0 38.0 8.9 
15.0 2400.0 13.2 31660.2 1.0 0.0 1.0 2.0 39.0 8.7 
15.0 2580.0 6.3 16240.3 1.0 1.0 1.0 2.0 40.0 8.7 
13.0 1917.0 11.3 42058.3 0.0 1.0 1.0 0.0 58.0 5.6 
13.0 1960.0 11.7 38772.1 0.0 1.0 1.0 0.0 59.0 5.9 
13.0 2100.0 10.8 23752.5 0.0 1.0 1.0 0.0 60.0 7.4 
12.0 3072.0 1.0 15020.8 1.0 0.0 1.0 2.0 38.0 9.1 
12.0 2570.0 1.4 19554.8 1.0 0.0 1.0 2.0 39.0 9.0 
12.0 2007.0 1.0 14206.0 1.0 0.0 1.0 2.0 40.0 8.1 
12.0 2700.0 12.8 48899.4 0.0 0.0 1.0 2.0 32.0 6.7 
12.0 2205.0 9.8 32711.3 1.0 0.0 1.0 2.0 33.0 5.4 
12.0 1913.0 8.7 340.9 1.0 0.0 1.0 2.0 34.0 5.3 
14.0 2510.0 11.5 49869.1 0.0 0.0 1.0 4.0 46.0 7.8 
14.0 2440.0 12.9 53728.1 0.0 1.0 1.0 4.0 47.0 7.2 
14.0 2260.0 13.1 52278.2 0.0 1.0 1.0 4.0 48.0 6.7 
15.0 3036.0 15.0 76906.6 0.0 1.0 1.0 1.0 36.0 7.8 
15.0 2333.0 21.4 84737.6 0.0 1.0 1.0 2.0 37.0 7.2 
15.0 2024.0 25.8 84996.4 0.0 1.0 1.0 2.0 38.0 6.7 
11.0 2104.0 12.6 26436.6 0.0 0.0 1.0 1.0 57.0 5.9 
11.0 2090.0 12.8 26771.5 0.0 0.0 1.0 1.0 58.0 7.0 
11.0 2178.0 12.0 26139.1 0.0 0.0 1.0 1.0 59.0 8.9 
14.0 1080.0 33.9 36650.8 0.0 1.0 1.0 0.0 55.0 8.6 
14.0 1120.0 23.5 26276.8 0.0 1.0 0.0 0.0 56.0 7.9 
14.0 0.0 26.6 0.0 0.0 0.0 0.0 0.0 57.0 6.7 
16.0 2662.0 25.3 67293.3 0.0 1.0 1.0 2.0 38.0 6.1 
16.0 2695.0 22.5 62854.8 0.0 1.0 1.0 2.0 39.0 4.9 
16.0 2450.0 23.2 62506.6 0.0 1.0 1.0 2.0 40.0 3.8 
17.0 909.0 93.9 85318.2 0.0 0.0 0.0 0.0 51.0 11.2 
17.0 0.0 35.5 0.0 0.0 0.0 0.0 0.0 52.0 9.9 
17.0 0.0 35.5 0.0 0.0 0.0 1.0 0.0 53.0 5.3 
17.0 2502.0 18.7 64649.6 0.0 1.0 1.0 1.0 38.0 9.5 
17.0 2963.0 18.0 68849.3 0.0 1.0 1.0 1.0 39.0 8.1 
17.0 3360.0 17.6 60024.5 0.0 1.0 1.0 1.0 40.0 8.2 
14.0 1896.0 8.4 32685.3 0.0 0.0 1.0 0.0 43.0 7.8 
14.0 2796.0 6.7 24210.8 0.0 0.0 1.0 0.0 44.0 7.2 
14.0 2172.0 11.0 37788.1 0.0 0.0 1.0 0.0 45.0 6.7 
17.0 3000.0 70.1 222308.0 0.0 1.0 1.0 1.0 47.0 7.8 
17.0 3060.0 79.9 259567.2 0.0 1.0 1.0 1.0 48.0 7.2 
17.0 2695.0 101.6 288666.7 0.0 1.0 1.0 0.0 49.0 6.7 
13.0 1908.0 11.3 33646.6 1.0 1.0 1.0 0.0 51.0 6.3 
13.0 1920.0 12.1 31660.2 1.0 1.0 1.0 0.0 52.0 6.0 
13.0 2000.0 19.9 47959.6 1.0 1.0 1.0 0.0 53.0 5.7 
12.0 1920.0 15.6 42010.2 0.0 0.0 1.0 0.0 41.0 7.0 
12.0 2168.0 17.8 52625.8 0.0 0.0 1.0 0.0 42.0 8.0 
12.0 2440.0 18.3 60487.0 0.0 0.0 1.0 0.0 43.0 7.0 
14.0 3250.0 11.5 49562.7 0.0 0.0 1.0 2.0 38.0 5.6 
14.0 3300.0 10.9 42198.9 0.0 0.0 1.0 2.0 39.0 5.9 
14.0 3000.0 10.1 40936.1 0.0 0.0 1.0 2.0 40.0 7.4 
12.0 2040.0 5.0 14323.8 1.0 0.0 1.0 2.0 34.0 7.2 
12.0 3120.0 4.3 17529.5 0.0 0.0 1.0 2.0 35.0 6.5 
12.0 3060.0 4.3 17081.3 1.0 0.0 1.0 2.0 36.0 6.3 
13.0 2120.0 14.7 31243.3 0.0 1.0 0.0 0.0 43.0 11.2 
13.0 2880.0 10.5 30263.4 0.0 1.0 0.0 0.0 44.0 9.9 
13.0 2920.0 10.5 30685.0 0.0 1.0 0.0 0.0 45.0 8.8 
16.0 3185.0 15.5 50710.3 0.0 1.0 1.0 2.0 39.0 4.6 
16.0 2820.0 22.7 65427.2 0.0 1.0 1.0 2.0 40.0 4.9 
16.0 3409.0 15.0 52050.9 1.0 1.0 1.0 2.0 41.0 3.8 
14.0 3120.0 13.9 62005.9 0.0 1.0 1.0 1.0 34.0 7.2 
14.0 2180.0 14.4 48887.1 0.0 0.0 1.0 1.0 35.0 6.5 
14.0 2510.0 16.3 48948.3 0.0 1.0 1.0 1.0 36.0 6.3 
16.0 1900.0 18.3 52873.3 0.0 1.0 1.0 3.0 42.0 5.3 
16.0 2040.0 18.3 42921.7 0.0 1.0 1.0 3.0 43.0 4.9 
16.0 1112.0 30.7 77280.8 0.0 1.0 1.0 3.0 44.0 4.0 
12.0 2029.0 8.8 27121.6 0.0 0.0 1.0 0.0 51.0 6.3 
12.0 1968.0 9.3 21998.0 0.0 0.0 1.0 0.0 52.0 6.0 
12.0 1960.0 9.4 20603.3 0.0 0.0 1.0 0.0 53.0 5.3 
17.0 1981.0 29.1 57679.9 0.0 1.0 1.0 0.0 54.0 6.3 
17.0 1971.0 28.9 57034.9 0.0 1.0 1.0 0.0 55.0 6.0 
17.0 2000.0 31.3 62506.6 0.0 1.0 1.0 0.0 56.0 5.3 
15.0 2084.0 19.0 40255.8 0.0 1.0 1.0 1.0 36.0 4.6 
15.0 2064.0 18.7 43416.4 0.0 1.0 1.0 2.0 37.0 4.9 
15.0 2008.0 23.2 51823.6 0.0 1.0 1.0 2.0 38.0 3.8 
11.0 2300.0 17.2 45663.3 0.0 0.0 1.0 1.0 41.0 8.6 
11.0 2700.0 16.8 58198.9 0.0 0.0 1.0 1.0 42.0 8.0 
11.0 2192.0 21.8 61370.1 0.0 0.0 1.0 1.0 43.0 8.0 
16.0 1960.0 15.3 60083.3 0.0 0.0 1.0 0.0 52.0 6.7 
16.0 1936.0 15.6 66337.5 0.0 1.0 1.0 0.0 53.0 5.4 
16.0 1920.0 13.0 60233.6 0.0 1.0 1.0 0.0 54.0 5.3 
16.0 2425.0 12.5 87281.7 0.0 1.0 1.0 0.0 52.0 5.4 
16.0 2242.0 13.9 101127.6 0.0 1.0 1.0 0.0 53.0 4.6 
16.0 2107.0 14.5 78618.5 0.0 1.0 1.0 0.0 54.0 4.5 
14.0 2500.0 12.1 39955.4 1.0 0.0 1.0 0.0 56.0 6.2 
14.0 3120.0 7.1 32079.3 1.0 1.0 1.0 0.0 57.0 5.7 
14.0 3084.0 10.5 41302.1 1.0 0.0 1.0 0.0 58.0 5.0 
14.0 2448.0 18.2 64289.1 0.0 1.0 1.0 2.0 41.0 5.0 
14.0 2438.0 19.1 66696.0 0.0 1.0 1.0 2.0 42.0 5.6 
14.0 2448.0 20.0 72734.9 0.0 1.0 1.0 2.0 43.0 5.0 
12.0 1024.0 8.4 8652.0 0.0 0.0 0.0 0.0 30.0 9.4 
12.0 858.0 18.6 15972.1 0.0 1.0 0.0 0.0 31.0 8.8 
12.0 1889.0 6.6 12501.3 0.0 1.0 1.0 1.0 32.0 8.5 
12.0 2623.0 11.9 42513.7 0.0 0.0 1.0 3.0 38.0 9.4 
12.0 2440.0 11.6 38760.5 0.0 0.0 1.0 3.0 39.0 8.9 
12.0 3127.0 10.2 44322.8 0.0 0.0 1.0 3.0 40.0 8.1 
12.0 2601.0 9.2 36049.9 0.0 0.0 1.0 0.0 29.0 10.0 
12.0 2442.0 8.6 31427.4 0.0 0.0 1.0 0.0 30.0 11.5 
12.0 2040.0 10.6 32958.0 0.0 0.0 1.0 0.0 31.0 13.1 
16.0 2286.0 12.5 28599.6 0.0 1.0 1.0 0.0 25.0 11.2 
16.0 2165.0 14.5 31427.4 0.0 1.0 0.0 0.0 26.0 9.9 
16.0 2214.0 16.0 35458.3 0.0 1.0 0.0 0.0 27.0 8.8 
12.0 2400.0 11.3 27037.5 0.0 1.0 1.0 0.0 57.0 9.4 
12.0 2400.0 11.6 27935.5 0.0 1.0 1.0 0.0 58.0 8.9 
12.0 1760.0 14.2 25002.6 0.0 1.0 1.0 0.0 59.0 8.1 
17.0 2490.0 13.0 58881.6 0.0 1.0 1.0 0.0 29.0 7.8 
17.0 2650.0 13.6 66346.8 0.0 1.0 1.0 0.0 30.0 7.2 
17.0 2480.0 14.8 71257.5 0.0 1.0 1.0 0.0 31.0 6.7 
12.0 2182.0 11.1 42138.8 0.0 0.0 1.0 3.0 40.0 10.8 
12.0 2080.0 13.2 48435.5 0.0 0.0 1.0 3.0 41.0 10.3 
12.0 2371.0 13.8 53187.4 0.0 0.0 1.0 3.0 42.0 11.7 
16.0 3718.0 18.5 86924.9 1.0 0.0 1.0 0.0 57.0 10.8 
16.0 3120.0 11.2 52379.0 1.0 0.0 1.0 0.0 58.0 10.3 
16.0 3000.0 11.4 53187.4 1.0 1.0 1.0 0.0 59.0 11.7 
15.0 1933.0 20.5 39654.9 0.0 1.0 0.0 1.0 39.0 7.2 
15.0 1864.0 22.5 41903.2 0.0 1.0 0.0 1.0 40.0 6.4 
15.0 1848.0 22.8 42049.9 0.0 1.0 0.0 1.0 41.0 6.1 
9.0 1920.0 6.0 20428.3 0.0 1.0 1.0 2.0 53.0 6.7 
9.0 1920.0 5.8 18041.7 0.0 1.0 1.0 1.0 54.0 5.4 
9.0 1148.0 13.9 23638.8 0.0 1.0 1.0 1.0 55.0 5.3 
17.0 3460.0 16.9 59576.1 0.0 1.0 1.0 2.0 42.0 7.8 
17.0 2988.0 18.3 55289.0 0.0 1.0 1.0 2.0 43.0 7.2 
17.0 3250.0 21.0 70802.9 0.0 1.0 1.0 2.0 44.0 6.7 
16.0 1944.0 30.9 84957.7 0.0 1.0 1.0 0.0 57.0 9.5 
16.0 2200.0 28.6 95446.2 0.0 1.0 1.0 0.0 58.0 8.1 
16.0 1944.0 30.6 83417.9 0.0 1.0 1.0 0.0 59.0 8.2 
16.0 1921.0 34.8 98260.2 0.0 1.0 1.0 0.0 57.0 6.2 
16.0 1808.0 36.7 99753.0 0.0 1.0 1.0 0.0 58.0 5.7 
16.0 1824.0 39.4 107624.9 0.0 1.0 1.0 0.0 59.0 5.0 
12.0 2100.0 13.7 33646.6 1.0 1.0 1.0 2.0 36.0 5.0 
12.0 2008.0 13.3 26771.5 1.0 0.0 1.0 2.0 37.0 5.6 
12.0 1970.0 14.4 45459.3 1.0 1.0 1.0 2.0 38.0 5.0 
15.0 2400.0 57.6 138191.5 0.0 0.0 1.0 2.0 58.0 11.2 
15.0 1960.0 83.1 162957.0 0.0 0.0 1.0 0.0 59.0 9.9 
15.0 2450.0 11.6 28412.1 0.0 0.0 1.0 0.0 60.0 8.8 
17.0 2400.0 16.0 56478.3 1.0 0.0 1.0 2.0 41.0 6.5 
17.0 1909.0 15.3 53543.0 1.0 0.0 1.0 2.0 42.0 5.9 
17.0 2420.0 6.4 43652.3 0.0 0.0 1.0 2.0 43.0 6.0 
16.0 1936.0 19.9 73301.6 0.0 1.0 1.0 2.0 36.0 8.6 
16.0 1905.0 21.6 74910.2 0.0 1.0 1.0 2.0 37.0 7.9 
16.0 1920.0 21.9 79553.8 0.0 1.0 1.0 2.0 38.0 6.7 
16.0 2706.0 10.3 42152.0 0.0 1.0 1.0 0.0 29.0 6.7 
16.0 2706.0 11.3 42285.0 0.0 1.0 1.0 1.0 30.0 5.4 
16.0 2319.0 15.3 45188.8 0.0 1.0 1.0 1.0 31.0 5.3 
10.0 3036.0 9.9 48066.6 1.0 1.0 1.0 0.0 32.0 9.1 
10.0 3120.0 11.2 59362.9 1.0 1.0 1.0 0.0 33.0 9.0 
10.0 3263.0 9.8 57960.6 1.0 1.0 1.0 0.0 34.0 8.1 
12.0 1920.0 6.4 20728.7 0.0 0.0 1.0 1.0 25.0 8.9 
12.0 2020.0 6.9 24443.6 0.0 0.0 1.0 1.0 26.0 8.7 
12.0 1920.0 6.4 22473.9 0.0 0.0 1.0 1.0 27.0 8.7 
13.0 2940.0 9.4 37708.3 1.0 0.0 1.0 0.0 50.0 5.6 
13.0 3430.0 10.5 45825.8 1.0 0.0 1.0 0.0 51.0 5.9 
13.0 3950.0 13.4 62637.3 1.0 0.0 1.0 0.0 52.0 7.4 
12.0 2500.0 3.0 7510.4 1.0 0.0 1.0 1.0 57.0 5.6 
12.0 2530.0 4.0 10202.3 1.0 0.0 1.0 1.0 58.0 5.9 
12.0 2318.0 3.5 10068.1 1.0 0.0 1.0 1.0 59.0 7.4 
12.0 2420.0 15.9 38453.3 0.0 1.0 1.0 1.0 56.0 8.9 
12.0 2331.0 17.5 40739.3 0.0 1.0 1.0 0.0 57.0 8.7 
12.0 2256.0 15.3 34549.1 0.0 1.0 1.0 0.0 58.0 8.7 
9.0 1990.0 16.5 32805.5 0.0 0.0 1.0 0.0 58.0 9.3 
9.0 1880.0 18.0 33755.4 0.0 0.0 1.0 0.0 59.0 9.5 
9.0 1363.0 24.6 33526.3 0.0 0.0 1.0 0.0 60.0 9.3 
12.0 1976.0 23.1 45663.3 0.0 1.0 1.0 3.0 34.0 4.8 
12.0 1960.0 22.6 44231.2 0.0 1.0 0.0 0.0 35.0 3.9 
12.0 1838.0 27.2 50005.3 0.0 1.0 0.0 0.0 36.0 3.8 
14.0 3000.0 15.2 63688.3 0.0 0.0 1.0 1.0 40.0 11.2 
14.0 2400.0 24.1 83573.7 0.0 0.0 1.0 1.0 41.0 9.9 
14.0 2400.0 21.8 75007.9 0.0 1.0 1.0 1.0 42.0 8.8 
17.0 0.0 24.1 26436.6 0.0 0.0 1.0 0.0 52.0 7.2 
17.0 0.0 24.1 0.0 0.0 0.0 1.0 0.0 53.0 6.5 
17.0 0.0 24.1 0.0 0.0 0.0 0.0 0.0 54.0 6.3 
12.0 0.0 8.3 14420.0 0.0 0.0 1.0 3.0 44.0 7.0 
12.0 1821.0 1.1 18390.9 0.0 0.0 1.0 2.0 45.0 7.1 
12.0 2662.0 6.0 40766.8 0.0 0.0 1.0 2.0 46.0 8.2 
16.0 1950.0 15.4 36650.8 0.0 1.0 1.0 1.0 36.0 5.6 
16.0 1440.0 20.8 29984.1 0.0 1.0 1.0 2.0 37.0 5.9 
16.0 2016.0 16.9 38640.4 0.0 1.0 1.0 2.0 38.0 7.4 
17.0 2400.0 31.0 74503.2 0.0 1.0 1.0 3.0 44.0 5.0 
17.0 2400.0 31.0 74494.6 0.0 1.0 1.0 3.0 45.0 5.6 
17.0 2856.0 27.1 77280.8 0.0 1.0 1.0 3.0 46.0 5.0 
13.0 2585.0 0.9 18347.0 1.0 0.0 1.0 1.0 32.0 7.2 
13.0 2580.0 1.6 23138.7 1.0 0.0 1.0 1.0 33.0 6.4 
13.0 2580.0 3.3 26586.9 1.0 0.0 1.0 2.0 34.0 6.1 
12.0 2359.0 27.2 80788.0 1.0 0.0 0.0 0.0 39.0 7.8 
12.0 2572.0 24.1 95077.3 1.0 0.0 1.0 0.0 40.0 7.2 
12.0 2290.0 43.7 127664.5 1.0 1.0 1.0 0.0 41.0 6.7 
17.0 1685.0 3.6 33674.3 1.0 0.0 1.0 0.0 58.0 9.5 
17.0 944.0 5.9 31194.6 1.0 0.0 1.0 0.0 59.0 8.1 
17.0 1500.0 7.6 85236.2 1.0 0.0 1.0 0.0 60.0 8.2 
17.0 2272.0 9.9 27200.9 1.0 0.0 1.0 1.0 49.0 7.2 
17.0 2322.0 8.9 31032.8 1.0 0.0 1.0 1.0 50.0 6.5 
17.0 3500.0 7.1 29491.7 1.0 0.0 1.0 1.0 51.0 6.3 
14.0 2178.0 10.9 40135.6 0.0 1.0 1.0 2.0 39.0 6.7 
14.0 2178.0 10.7 41321.2 0.0 1.0 1.0 2.0 40.0 5.4 
14.0 2066.0 11.8 41708.9 0.0 1.0 1.0 1.0 41.0 5.3 
14.0 2300.0 6.5 18613.8 1.0 0.0 1.0 2.0 27.0 6.3 
14.0 3126.0 11.7 42287.3 1.0 0.0 1.0 2.0 28.0 6.0 
14.0 3348.0 10.6 46773.1 0.0 0.0 1.0 2.0 29.0 5.7 
16.0 1560.0 7.7 45663.3 1.0 0.0 1.0 2.0 35.0 4.8 
16.0 1362.0 13.7 52379.0 1.0 0.0 1.0 2.0 36.0 3.9 
16.0 2385.0 4.8 48982.4 1.0 0.0 1.0 2.0 37.0 3.8 
17.0 4960.0 9.7 48042.6 1.0 1.0 1.0 2.0 39.0 7.2 
17.0 4128.0 24.8 102430.1 1.0 1.0 1.0 2.0 40.0 6.5 
17.0 2890.0 41.3 119330.7 1.0 1.0 1.0 2.0 41.0 5.0 
15.0 2450.0 12.4 30312.0 1.0 0.0 1.0 2.0 31.0 6.3 
15.0 3120.0 11.8 36735.2 1.0 0.0 1.0 2.0 32.0 6.0 
15.0 2050.0 15.8 33327.4 1.0 1.0 1.0 2.0 33.0 5.7 
16.0 2057.0 12.6 27072.3 1.0 0.0 1.0 3.0 33.0 4.3 
16.0 2142.0 14.2 30346.1 1.0 0.0 1.0 3.0 34.0 5.1 
16.0 2160.0 13.7 29639.5 1.0 0.0 1.0 3.0 35.0 4.7 
0.0 2080.0 9.2 19611.2 0.0 0.0 1.0 3.0 28.0 7.2 
0.0 2112.0 8.8 26771.5 0.0 0.0 1.0 3.0 29.0 6.4 
0.0 2460.0 8.8 31821.5 0.0 1.0 1.0 3.0 30.0 6.1 
16.0 2390.0 77.9 211493.1 0.0 1.0 1.0 0.0 57.0 4.8 
16.0 2541.0 73.3 207188.2 0.0 1.0 1.0 0.0 58.0 3.9 
16.0 2880.0 78.1 232297.1 0.0 1.0 1.0 0.0 59.0 3.8 
17.0 2380.0 17.7 43548.3 0.0 1.0 1.0 0.0 58.0 9.4 
17.0 94.0 116.4 15166.6 0.0 0.0 1.0 0.0 59.0 8.9 
17.0 0.0 22.5 0.0 0.0 0.0 1.0 0.0 60.0 8.1 
14.0 2214.0 16.3 38453.3 0.0 0.0 1.0 2.0 30.0 11.1 
14.0 320.0 21.8 6983.9 1.0 0.0 1.0 2.0 31.0 8.9 
14.0 2080.0 16.3 33867.2 0.0 0.0 1.0 2.0 32.0 6.7 
14.0 2720.0 1.3 6736.5 0.0 0.0 1.0 1.0 35.0 7.8 
14.0 1332.0 10.2 14200.5 0.0 0.0 1.0 2.0 36.0 7.2 
14.0 1680.0 8.5 15228.9 0.0 0.0 1.0 2.0 37.0 6.7 
17.0 2618.0 25.7 67293.3 0.0 1.0 1.0 1.0 37.0 4.6 
17.0 2400.0 30.1 72166.7 0.0 1.0 1.0 1.0 38.0 4.9 
17.0 2680.0 31.0 82963.3 0.0 1.0 1.0 1.0 39.0 3.8 
17.0 0.0 7.1 0.0 0.0 0.0 0.0 0.0 44.0 7.2 
17.0 0.0 7.1 0.0 0.0 0.0 0.0 0.0 45.0 6.4 
17.0 0.0 7.1 0.0 0.0 0.0 0.0 0.0 46.0 6.1 
16.0 3185.0 25.7 81713.2 1.0 1.0 1.0 1.0 38.0 7.2 
16.0 3360.0 22.5 75658.6 1.0 1.0 1.0 1.0 39.0 6.4 
16.0 2688.0 16.9 54079.5 0.0 0.0 1.0 1.0 40.0 6.1 
16.0 2400.0 36.2 89325.8 1.0 0.0 1.0 2.0 40.0 5.9 
16.0 2400.0 44.2 108482.8 1.0 0.0 1.0 2.0 41.0 7.0 
16.0 2420.0 45.0 111045.8 1.0 0.0 1.0 2.0 42.0 8.9 
14.0 1064.0 5.7 10815.0 0.0 0.0 1.0 1.0 26.0 9.5 
14.0 2285.0 12.7 32591.4 0.0 0.0 1.0 1.0 27.0 8.1 
14.0 2216.0 15.7 34855.9 0.0 0.0 1.0 2.0 28.0 8.2 
12.0 1088.0 12.1 44461.6 0.0 0.0 1.0 0.0 29.0 9.5 
12.0 305.0 6.5 33406.2 0.0 0.0 1.0 0.0 30.0 8.1 
12.0 400.0 11.4 38640.4 0.0 0.0 1.0 0.0 31.0 8.2 
17.0 2530.0 18.0 45410.9 0.0 1.0 1.0 1.0 38.0 9.5 
17.0 2520.0 18.4 46361.3 0.0 1.0 1.0 1.0 39.0 8.1 
17.0 2465.0 18.7 46027.6 0.0 1.0 1.0 1.0 40.0 8.2 
16.0 2352.0 17.6 48667.4 0.0 1.0 1.0 0.0 57.0 6.7 
16.0 3276.0 13.0 51215.1 0.0 1.0 1.0 0.0 58.0 5.4 
16.0 2695.0 15.2 52278.2 0.0 1.0 1.0 0.0 59.0 5.3 
17.0 2106.0 39.4 82966.6 0.0 1.0 1.0 0.0 58.0 7.8 
17.0 2370.0 36.8 87298.4 0.0 1.0 1.0 0.0 59.0 7.2 
17.0 2160.0 41.0 88645.7 0.0 1.0 1.0 0.0 60.0 6.7 
17.0 1677.0 6.5 13310.8 0.0 0.0 1.0 1.0 25.0 9.1 
17.0 2259.0 8.5 20427.8 0.0 0.0 1.0 2.0 26.0 7.2 
17.0 2304.0 10.8 28338.2 0.0 1.0 1.0 2.0 27.0 7.0 
0.0 2002.0 10.1 22230.8 0.0 0.0 1.0 2.0 31.0 7.3 
0.0 2100.0 10.3 24210.8 0.0 0.0 1.0 2.0 32.0 7.2 
0.0 2820.0 11.3 36451.6 0.0 0.0 1.0 2.0 33.0 7.0 
14.0 2964.0 5.2 15381.3 0.0 1.0 1.0 3.0 47.0 9.5 
14.0 3380.0 5.8 19426.8 1.0 0.0 1.0 2.0 48.0 8.1 
14.0 3060.0 4.3 13103.7 1.0 0.0 1.0 2.0 49.0 8.2 
12.0 3060.0 2.0 6008.3 1.0 0.0 1.0 1.0 42.0 4.4 
12.0 4109.0 2.0 8706.6 1.0 0.0 1.0 1.0 43.0 5.5 
12.0 2317.0 5.6 17615.5 0.0 0.0 1.0 0.0 44.0 5.0 
16.0 1310.0 1.1 37491.9 1.0 0.0 1.0 1.0 33.0 9.4 
16.0 832.0 10.2 40739.3 0.0 0.0 1.0 1.0 34.0 8.9 
16.0 1218.0 12.3 47959.6 0.0 0.0 1.0 2.0 35.0 8.1 
12.0 2350.0 25.0 93729.9 0.0 0.0 1.0 1.0 41.0 5.0 
12.0 2820.0 19.8 94282.3 0.0 0.0 1.0 1.0 42.0 5.6 
12.0 1896.0 27.0 95464.6 0.0 0.0 1.0 1.0 43.0 5.0 
16.0 2700.0 14.9 49869.1 1.0 0.0 1.0 0.0 43.0 5.0 
16.0 2573.0 20.4 66346.8 0.0 0.0 1.0 0.0 44.0 5.6 
16.0 2400.0 12.3 39208.7 0.0 0.0 1.0 0.0 45.0 5.0 
17.0 2621.0 22.1 87961.9 0.0 1.0 1.0 1.0 45.0 11.2 
17.0 2750.0 25.0 91954.3 0.0 1.0 1.0 1.0 46.0 5.9 
17.0 2500.0 28.4 105124.7 0.0 1.0 1.0 0.0 47.0 7.4 
12.0 343.0 9.8 0.0 0.0 0.0 1.0 0.0 58.0 6.3 
12.0 0.0 9.8 0.0 1.0 0.0 1.0 0.0 59.0 6.0 
12.0 0.0 9.8 0.0 0.0 0.0 1.0 0.0 60.0 5.7 
16.0 2124.0 19.2 41084.9 0.0 1.0 1.0 3.0 54.0 9.4 
16.0 2191.0 19.7 47490.3 0.0 1.0 1.0 3.0 55.0 8.9 
16.0 1952.0 21.3 46937.9 0.0 1.0 1.0 3.0 56.0 8.1 
12.0 2116.0 18.2 38453.3 0.0 0.0 1.0 2.0 45.0 9.4 
12.0 2420.0 15.9 38411.3 0.0 0.0 0.0 3.0 46.0 8.8 
12.0 2007.0 18.7 37503.9 0.0 0.0 0.0 2.0 47.0 8.5 
13.0 1910.0 11.6 22230.8 0.0 1.0 1.0 0.0 56.0 7.2 
13.0 1944.0 10.8 20951.6 0.0 0.0 1.0 0.0 57.0 6.5 
13.0 1920.0 10.7 20456.7 0.0 0.0 1.0 0.0 58.0 6.3 
17.0 2493.0 24.0 95880.9 0.0 1.0 1.0 0.0 39.0 5.9 
17.0 1960.0 29.7 90208.3 0.0 1.0 1.0 0.0 40.0 7.0 
17.0 2162.0 31.3 97169.3 0.0 1.0 1.0 0.0 41.0 8.9 
10.0 1756.0 16.9 39304.1 0.0 0.0 1.0 2.0 34.0 9.4 
10.0 1568.0 16.3 34919.4 0.0 0.0 1.0 3.0 35.0 8.8 
10.0 2050.0 13.3 38640.4 0.0 0.0 1.0 3.0 36.0 8.5 
16.0 2450.0 29.4 72099.9 0.0 1.0 1.0 0.0 56.0 6.2 
16.0 2450.0 28.5 69838.7 0.0 1.0 1.0 0.0 57.0 5.7 
16.0 2187.0 32.2 70461.9 0.0 1.0 1.0 0.0 58.0 5.0 
16.0 750.0 12.8 20948.6 0.0 0.0 1.0 0.0 31.0 4.6 
16.0 1020.0 16.0 38585.9 0.0 0.0 1.0 0.0 32.0 4.9 
16.0 2750.0 16.1 72166.7 0.0 1.0 1.0 0.0 33.0 3.8 
17.0 2500.0 22.1 55276.6 0.0 1.0 1.0 2.0 31.0 5.0 
17.0 2500.0 24.2 60526.9 0.0 1.0 1.0 2.0 32.0 5.6 
17.0 2450.0 24.6 60233.6 0.0 1.0 1.0 2.0 33.0 5.0 
12.0 2303.0 16.5 37972.6 0.0 1.0 1.0 0.0 54.0 9.1 
12.0 2190.0 17.5 38411.3 0.0 1.0 1.0 0.0 55.0 8.0 
12.0 1868.0 21.2 39549.6 0.0 1.0 1.0 0.0 56.0 6.8 
12.0 2778.0 6.5 37251.6 0.0 1.0 1.0 2.0 29.0 7.8 
12.0 2390.0 9.6 38178.5 0.0 1.0 1.0 2.0 30.0 7.2 
12.0 2486.0 6.6 39555.3 0.0 1.0 1.0 2.0 31.0 6.7 
8.0 2048.0 13.2 27037.5 0.0 0.0 1.0 0.0 56.0 8.6 
8.0 1948.0 13.8 26771.5 0.0 0.0 1.0 0.0 57.0 7.9 
8.0 1962.0 13.3 26139.1 0.0 0.0 1.0 0.0 58.0 6.7 
8.0 1490.0 25.0 67722.2 1.0 1.0 1.0 0.0 49.0 8.6 
8.0 1740.0 30.7 53391.7 1.0 1.0 1.0 0.0 50.0 7.9 
8.0 1860.0 4.4 16319.9 1.0 1.0 1.0 0.0 51.0 6.7 
12.0 2254.0 17.1 38453.3 0.0 0.0 1.0 1.0 26.0 9.3 
12.0 2450.0 17.1 49096.6 0.0 0.0 0.0 0.0 27.0 9.5 
12.0 2550.0 15.1 38640.4 0.0 0.0 1.0 1.0 28.0 9.3 
12.0 2256.0 14.9 34127.3 0.0 0.0 1.0 3.0 28.0 7.8 
12.0 2160.0 14.6 31776.6 0.0 0.0 1.0 3.0 29.0 7.2 
12.0 2205.0 14.4 35231.0 0.0 0.0 1.0 3.0 30.0 6.7 
13.0 2341.0 5.1 18562.1 0.0 0.0 1.0 1.0 27.0 7.8 
13.0 1673.0 7.4 18692.3 1.0 0.0 1.0 1.0 28.0 7.2 
13.0 3272.0 4.1 21093.1 0.0 0.0 1.0 1.0 29.0 6.7 
17.0 1770.0 18.3 72099.9 0.0 1.0 1.0 2.0 38.0 5.6 
17.0 2176.0 16.7 36432.5 0.0 1.0 1.0 2.0 39.0 5.9 
17.0 2420.0 15.5 37503.9 0.0 1.0 0.0 0.0 40.0 7.4 
13.0 2232.0 12.1 37131.4 0.0 0.0 1.0 2.0 29.0 5.9 
13.0 2042.0 14.3 32009.4 0.0 0.0 1.0 2.0 30.0 7.0 
13.0 1944.0 14.0 28412.1 0.0 0.0 1.0 3.0 31.0 8.9 
15.0 2502.0 7.6 29621.1 1.0 0.0 1.0 1.0 49.0 9.4 
15.0 2190.0 2.0 4399.8 1.0 0.0 1.0 0.0 50.0 8.9 
15.0 3515.0 1.7 5974.5 1.0 0.0 1.0 0.0 51.0 8.1 
16.0 2640.0 27.3 72099.9 0.0 0.0 1.0 2.0 43.0 9.4 
16.0 2303.0 34.4 79150.5 0.0 1.0 1.0 1.0 44.0 5.9 
16.0 2808.0 27.5 79735.6 0.0 1.0 1.0 1.0 45.0 7.4 
12.0 2144.0 6.2 18025.0 0.0 0.0 0.0 0.0 25.0 9.4 
12.0 2420.0 5.7 17226.9 0.0 0.0 1.0 0.0 26.0 8.9 
12.0 2377.0 7.2 27275.6 0.0 1.0 1.0 0.0 27.0 8.1 
15.0 2630.0 8.7 40255.8 0.0 1.0 1.0 2.0 27.0 6.7 
15.0 1848.0 15.4 45977.1 0.0 1.0 1.0 2.0 28.0 5.4 
15.0 3265.0 9.4 50005.3 0.0 1.0 1.0 2.0 29.0 5.3 
16.0 2269.0 11.9 31844.1 0.0 1.0 1.0 4.0 39.0 5.9 
16.0 3040.0 8.9 41018.6 0.0 1.0 1.0 4.0 40.0 7.0 
16.0 3735.0 12.9 59665.4 0.0 1.0 1.0 2.0 41.0 8.9 
17.0 1589.0 15.9 25235.0 0.0 1.0 0.0 0.0 35.0 7.2 
17.0 1685.0 17.7 29797.8 0.0 1.0 0.0 0.0 36.0 6.5 
17.0 1659.0 17.3 28665.5 0.0 1.0 0.0 0.0 37.0 6.3 
16.0 4410.0 10.9 48066.6 0.0 1.0 1.0 3.0 30.0 10.0 
16.0 1960.0 24.4 47723.1 0.0 1.0 1.0 3.0 31.0 11.5 
16.0 2880.0 17.8 52278.2 0.0 1.0 1.0 3.0 32.0 13.1 
13.0 568.0 77.6 45903.6 0.0 0.0 1.0 2.0 40.0 6.3 
13.0 1392.0 12.1 18972.8 0.0 0.0 1.0 1.0 41.0 6.0 
13.0 2012.0 16.0 34555.9 0.0 0.0 1.0 0.0 42.0 5.7 
13.0 2400.0 13.5 60083.3 0.0 0.0 1.0 2.0 32.0 4.8 
13.0 1998.0 14.0 52379.0 0.0 0.0 1.0 2.0 33.0 3.9 
13.0 1977.0 26.5 76144.4 0.0 0.0 1.0 2.0 34.0 3.8 
12.0 4420.0 9.0 39931.3 0.0 1.0 0.0 0.0 42.0 11.2 
12.0 2865.0 13.1 37629.1 0.0 1.0 0.0 0.0 43.0 9.9 
12.0 3120.0 11.4 35526.5 0.0 1.0 0.0 0.0 44.0 8.8 
13.0 2531.0 22.2 58272.4 0.0 0.0 1.0 4.0 43.0 7.8 
13.0 2727.0 19.2 55289.0 0.0 0.0 1.0 4.0 44.0 7.2 
13.0 2476.0 21.5 53318.1 0.0 0.0 1.0 3.0 45.0 6.7 
16.0 2450.0 46.6 117763.2 0.0 1.0 1.0 0.0 52.0 7.2 
16.0 2695.0 38.9 110578.0 0.0 1.0 1.0 0.0 53.0 6.5 
16.0 2750.0 41.3 119330.7 1.0 1.0 1.0 0.0 54.0 6.3 
17.0 2104.0 43.8 135514.2 0.0 1.0 1.0 0.0 52.0 7.2 
17.0 2120.0 17.6 85040.3 1.0 0.0 1.0 0.0 53.0 6.5 
17.0 1410.0 56.4 131832.0 1.0 0.0 1.0 0.0 54.0 6.3 
16.0 2500.0 23.1 57679.9 0.0 0.0 1.0 2.0 37.0 11.2 
16.0 2450.0 19.0 46559.1 0.0 1.0 1.0 2.0 38.0 9.9 
16.0 2500.0 17.3 43186.4 0.0 0.0 1.0 2.0 39.0 8.8 
11.0 3484.0 6.2 38453.3 0.0 0.0 1.0 3.0 44.0 6.0 
11.0 2600.0 11.6 41903.2 0.0 0.0 1.0 2.0 45.0 6.5 
11.0 3060.0 12.4 38640.4 0.0 0.0 1.0 2.0 46.0 5.9 
17.0 2500.0 9.1 48547.3 0.0 1.0 1.0 2.0 25.0 8.9 
17.0 4528.0 4.7 51056.8 0.0 1.0 1.0 2.0 26.0 8.7 
17.0 1963.0 4.1 37048.2 0.0 0.0 1.0 2.0 27.0 8.7 
12.0 2520.0 10.1 25439.3 1.0 0.0 1.0 2.0 41.0 7.0 
12.0 3635.0 7.4 26954.3 1.0 0.0 1.0 2.0 42.0 8.0 
12.0 3149.0 7.1 26144.8 1.0 1.0 1.0 1.0 43.0 7.0 
10.0 2227.0 20.0 62486.6 0.0 0.0 1.0 0.0 54.0 8.6 
10.0 2090.0 19.8 58810.0 0.0 0.0 1.0 0.0 55.0 7.9 
10.0 1998.0 18.9 53296.5 0.0 0.0 1.0 0.0 56.0 6.7 
14.0 1785.0 19.2 50469.9 0.0 1.0 1.0 1.0 40.0 6.5 
14.0 1476.0 20.5 34919.4 0.0 1.0 1.0 1.0 41.0 7.9 
14.0 1494.0 23.6 40913.4 0.0 1.0 1.0 1.0 42.0 8.7 
12.0 2024.0 14.8 31631.4 0.0 1.0 1.0 4.0 39.0 5.9 
12.0 2226.0 13.6 36083.3 0.0 1.0 1.0 4.0 40.0 7.0 
12.0 2000.0 14.8 35231.0 0.0 1.0 1.0 4.0 41.0 8.9 
9.0 2000.0 6.8 20014.9 0.0 1.0 1.0 2.0 40.0 4.4 
9.0 2086.0 6.9 21882.8 0.0 1.0 1.0 2.0 41.0 5.5 
9.0 1950.0 7.9 22729.7 0.0 0.0 1.0 1.0 42.0 5.0 
15.0 1952.0 18.7 36517.4 0.0 1.0 1.0 2.0 32.0 5.6 
15.0 2009.0 19.0 38169.2 0.0 1.0 1.0 2.0 33.0 5.9 
15.0 2050.0 20.5 41923.7 0.0 1.0 1.0 2.0 34.0 7.4 
17.0 1340.0 15.4 40664.4 1.0 0.0 1.0 0.0 42.0 7.8 
17.0 425.0 41.3 33146.6 1.0 0.0 1.0 0.0 43.0 7.2 
17.0 1072.0 22.8 45885.5 1.0 0.0 1.0 0.0 44.0 6.7 
12.0 2160.0 8.9 34848.3 0.0 1.0 1.0 0.0 53.0 6.2 
12.0 2350.0 13.4 50633.1 0.0 1.0 1.0 0.0 54.0 5.7 
12.0 2007.0 15.9 48868.8 0.0 0.0 1.0 0.0 55.0 5.0 
15.0 1893.0 15.0 28359.3 0.0 0.0 1.0 2.0 37.0 7.2 
15.0 2030.0 14.2 28750.3 0.0 0.0 1.0 2.0 38.0 6.4 
15.0 2350.0 13.4 31692.0 0.0 0.0 1.0 2.0 39.0 6.1 
17.0 2051.0 18.5 48375.4 0.0 0.0 1.0 0.0 57.0 5.0 
17.0 2150.0 17.0 49675.1 0.0 0.0 1.0 0.0 58.0 5.6 
17.0 2592.0 15.7 48623.3 0.0 0.0 1.0 0.0 59.0 5.0 
14.0 1952.0 14.5 28359.3 0.0 1.0 1.0 2.0 35.0 7.2 
14.0 2336.0 13.9 32475.0 0.0 1.0 1.0 2.0 36.0 4.6 
14.0 2316.0 15.6 36197.0 0.0 1.0 1.0 2.0 37.0 4.5 
11.0 1840.0 22.6 70778.1 0.0 0.0 1.0 0.0 57.0 6.0 
11.0 1839.0 24.8 75309.4 0.0 0.0 1.0 0.0 58.0 6.5 
11.0 2000.0 22.5 74212.3 0.0 0.0 1.0 0.0 59.0 5.9 
16.0 2041.0 14.3 29080.3 0.0 1.0 0.0 0.0 26.0 7.2 
16.0 2004.0 18.6 37247.3 0.0 1.0 0.0 0.0 27.0 6.5 
16.0 2044.0 19.9 40686.1 0.0 1.0 0.0 0.0 28.0 6.3 
13.0 2700.0 14.2 43259.9 0.0 0.0 1.0 3.0 33.0 7.2 
13.0 2150.0 14.1 33755.4 0.0 0.0 1.0 3.0 34.0 6.5 
13.0 1804.0 19.5 39776.9 0.0 0.0 1.0 3.0 35.0 6.3 
14.0 1720.0 25.1 43259.9 0.0 0.0 1.0 0.0 29.0 7.8 
14.0 1389.0 35.2 48887.1 0.0 0.0 0.0 0.0 30.0 7.2 
14.0 1216.0 29.0 35231.0 0.0 0.0 0.0 0.0 31.0 6.7 
17.0 2280.0 2.9 11463.9 1.0 0.0 1.0 3.0 38.0 7.8 
17.0 2470.0 8.1 33903.2 1.0 0.0 1.0 2.0 39.0 7.2 
17.0 2360.0 9.2 40436.1 1.0 0.0 1.0 2.0 40.0 6.7 
16.0 1980.0 26.1 51671.6 0.0 1.0 0.0 0.0 48.0 5.0 
16.0 1949.0 26.0 50749.5 0.0 1.0 0.0 0.0 49.0 5.6 
16.0 2112.0 24.8 52278.2 0.0 1.0 0.0 0.0 50.0 5.0 
16.0 2208.0 10.7 66151.7 0.0 1.0 1.0 0.0 44.0 6.0 
16.0 2244.0 21.4 90247.9 0.0 1.0 1.0 0.0 45.0 6.5 
16.0 2444.0 11.1 72006.4 0.0 1.0 1.0 0.0 46.0 5.9 
12.0 2261.0 17.1 41797.5 0.0 0.0 1.0 0.0 42.0 7.0 
12.0 2430.0 15.3 47490.3 0.0 0.0 1.0 0.0 43.0 8.0 
12.0 2585.0 15.1 40291.7 0.0 0.0 1.0 0.0 44.0 7.0 
17.0 2689.0 13.4 42058.3 1.0 1.0 1.0 0.0 58.0 9.4 
17.0 2668.0 20.9 72632.3 1.0 1.0 1.0 0.0 59.0 8.8 
17.0 2600.0 21.0 68189.0 1.0 1.0 1.0 0.0 60.0 8.5 
13.0 2420.0 9.5 23084.0 1.0 0.0 1.0 3.0 27.0 7.8 
13.0 2485.0 7.3 18539.8 1.0 0.0 1.0 3.0 28.0 7.2 
13.0 2010.0 14.7 29888.4 1.0 0.0 1.0 3.0 29.0 6.7 
12.0 3289.0 1.9 7373.4 1.0 0.0 1.0 1.0 28.0 8.6 
12.0 4160.0 3.9 17977.7 1.0 0.0 1.0 1.0 29.0 7.2 
12.0 5737.0 0.9 14174.2 1.0 0.0 1.0 1.0 30.0 7.0 
16.0 2080.0 17.3 78108.2 1.0 0.0 1.0 0.0 58.0 7.2 
16.0 0.0 43.2 32591.4 0.0 0.0 1.0 0.0 59.0 6.5 
16.0 2600.0 13.7 69666.4 0.0 0.0 1.0 0.0 60.0 6.3 
17.0 1320.0 14.6 28840.0 0.0 1.0 1.0 0.0 53.0 5.4 
17.0 2200.0 3.2 21475.4 1.0 1.0 1.0 0.0 54.0 4.6 
17.0 3048.0 2.8 17047.2 1.0 0.0 1.0 0.0 55.0 4.5 
12.0 3150.0 8.8 27758.5 0.0 0.0 1.0 0.0 27.0 5.4 
12.0 1823.0 16.2 29565.1 0.0 0.0 1.0 1.0 28.0 4.6 
12.0 2544.0 13.4 34094.5 0.0 0.0 0.0 0.0 29.0 4.5 
17.0 3558.0 13.3 47946.4 0.0 1.0 1.0 0.0 54.0 7.0 
17.0 3180.0 17.3 54939.8 0.0 1.0 1.0 0.0 55.0 8.0 
17.0 3952.0 12.8 50773.5 0.0 1.0 1.0 0.0 56.0 7.0 
16.0 2600.0 6.4 30089.7 1.0 0.0 1.0 1.0 51.0 4.4 
16.0 2550.0 10.5 349.2 1.0 0.0 1.0 0.0 52.0 5.5 
16.0 2560.0 8.5 30448.7 1.0 0.0 1.0 0.0 53.0 5.0 
12.0 1218.0 9.4 14542.5 0.0 0.0 1.0 2.0 37.0 5.0 
12.0 1686.0 8.3 20951.6 0.0 0.0 1.0 2.0 38.0 5.6 
12.0 1974.0 9.0 24306.0 0.0 0.0 1.0 2.0 39.0 5.0 
17.0 2024.0 35.6 72340.2 1.0 0.0 1.0 3.0 46.0 4.3 
17.0 2500.0 37.3 93583.9 1.0 0.0 1.0 2.0 47.0 5.1 
17.0 2550.0 31.3 79798.1 0.0 1.0 1.0 2.0 48.0 4.7 
16.0 2088.0 21.3 75704.9 0.0 1.0 1.0 0.0 38.0 7.3 
16.0 2050.0 27.3 90790.3 0.0 1.0 1.0 0.0 39.0 7.2 
16.0 1999.0 26.1 89441.2 0.0 1.0 1.0 0.0 40.0 7.0 
13.0 1426.0 8.9 23575.5 0.0 0.0 1.0 1.0 37.0 7.8 
13.0 2167.0 11.2 39747.5 0.0 0.0 1.0 1.0 38.0 7.2 
13.0 1984.0 13.4 42330.6 0.0 0.0 1.0 1.0 39.0 6.7 
17.0 2760.0 13.1 51671.6 0.0 1.0 1.0 0.0 46.0 5.9 
17.0 3060.0 12.5 51215.1 0.0 0.0 1.0 0.0 47.0 7.0 
17.0 816.0 8.4 20456.7 0.0 0.0 1.0 0.0 48.0 8.9 
12.0 2306.0 9.9 32204.6 0.0 0.0 1.0 1.0 28.0 9.1 
12.0 2570.0 10.5 36199.7 0.0 0.0 1.0 1.0 29.0 8.0 
12.0 2376.0 10.5 34094.5 0.0 0.0 1.0 1.0 30.0 6.8 
12.0 2038.0 21.2 43259.9 0.0 0.0 1.0 1.0 39.0 7.2 
12.0 2042.0 22.5 47024.7 0.0 0.0 1.0 1.0 40.0 6.5 
12.0 2144.0 23.9 51141.7 0.0 0.0 1.0 0.0 41.0 6.3 
16.0 2814.0 7.0 19715.7 1.0 1.0 1.0 2.0 57.0 6.5 
16.0 2695.0 16.1 43471.1 1.0 0.0 1.0 1.0 58.0 5.9 
16.0 2640.0 21.0 55483.1 1.0 1.0 1.0 1.0 59.0 6.0 
17.0 1182.0 38.6 91326.5 0.0 1.0 1.0 1.0 40.0 7.2 
17.0 1248.0 37.8 94282.3 0.0 1.0 1.0 1.0 41.0 6.5 
17.0 1152.0 42.4 98305.8 0.0 1.0 1.0 1.0 42.0 6.3 
17.0 3100.0 17.2 53317.9 0.0 1.0 1.0 3.0 36.0 8.9 
17.0 3630.0 14.1 51187.1 1.0 1.0 1.0 3.0 37.0 8.7 
17.0 3341.0 16.2 53982.9 0.0 1.0 1.0 3.0 38.0 8.7 
12.0 2205.0 10.1 42659.1 0.0 1.0 1.0 1.0 42.0 8.6 
12.0 2245.0 10.4 44231.2 0.0 1.0 1.0 0.0 43.0 7.9 
12.0 2205.0 10.3 45459.3 0.0 1.0 1.0 0.0 44.0 6.7 
12.0 940.0 104.8 98536.5 0.0 0.0 1.0 2.0 40.0 4.8 
12.0 928.0 115.4 107086.0 0.0 0.0 1.0 2.0 41.0 3.9 
12.0 2160.0 52.6 113869.9 0.0 0.0 1.0 2.0 42.0 3.8 
14.0 1960.0 19.9 70177.2 0.0 1.0 1.0 1.0 45.0 6.5 
14.0 2097.0 18.8 67480.5 0.0 1.0 1.0 1.0 46.0 5.9 
14.0 1725.0 22.9 69757.3 0.0 1.0 1.0 1.0 47.0 6.0 
12.0 2400.0 13.9 35004.5 0.0 0.0 1.0 1.0 55.0 7.3 
12.0 2700.0 12.1 39924.5 0.0 0.0 1.0 1.0 56.0 7.2 
12.0 2350.0 13.1 38981.4 0.0 0.0 1.0 1.0 57.0 7.0 
16.0 2530.0 21.4 70898.2 0.0 1.0 1.0 0.0 58.0 9.1 
16.0 2530.0 20.7 69838.7 0.0 1.0 1.0 0.0 59.0 8.0 
16.0 2508.0 27.9 90350.4 0.0 1.0 1.0 0.0 60.0 6.8 
12.0 1867.0 21.5 80268.8 0.0 0.0 1.0 0.0 34.0 5.4 
12.0 1914.0 21.7 82684.4 0.0 0.0 1.0 0.0 35.0 4.6 
12.0 2044.0 23.0 89162.8 0.0 1.0 1.0 0.0 36.0 4.5 
17.0 2280.0 48.0 131149.7 1.0 1.0 1.0 1.0 36.0 4.8 
17.0 2370.0 46.0 131162.9 1.0 0.0 1.0 1.0 37.0 3.9 
17.0 2988.0 36.3 128984.0 1.0 0.0 1.0 1.0 38.0 3.8 
14.0 1680.0 14.7 24634.1 0.0 0.0 1.0 2.0 27.0 4.8 
14.0 1756.0 15.2 27237.1 0.0 0.0 1.0 2.0 28.0 3.9 
14.0 2004.0 17.0 34094.5 0.0 0.0 1.0 2.0 29.0 3.8 
13.0 3046.0 8.3 52873.3 0.0 1.0 1.0 0.0 35.0 7.2 
13.0 3548.0 6.7 50633.1 0.0 0.0 1.0 0.0 36.0 6.4 
13.0 3860.0 6.5 53414.7 0.0 1.0 1.0 0.0 37.0 6.1 
13.0 0.0 21.4 17183.8 0.0 0.0 1.0 1.0 51.0 6.2 
13.0 0.0 21.4 17808.9 0.0 0.0 1.0 1.0 52.0 5.7 
13.0 0.0 21.4 18183.7 0.0 0.0 1.0 1.0 53.0 5.0 
12.0 1748.0 13.8 24033.3 0.0 0.0 1.0 0.0 57.0 9.1 
12.0 1879.0 13.6 25607.5 0.0 0.0 1.0 0.0 58.0 8.0 
12.0 570.0 15.0 8523.6 0.0 0.0 1.0 0.0 59.0 6.8 
15.0 2064.0 6.4 27638.3 0.0 1.0 1.0 0.0 30.0 7.8 
15.0 2490.0 5.1 22581.2 0.0 1.0 1.0 0.0 31.0 7.2 
15.0 2040.0 6.7 19320.2 0.0 0.0 1.0 0.0 32.0 6.7 
15.0 2276.0 12.1 48523.2 0.0 1.0 1.0 1.0 31.0 9.1 
15.0 2720.0 11.9 46326.3 0.0 1.0 1.0 2.0 32.0 8.0 
15.0 1968.0 10.4 42049.9 0.0 1.0 1.0 2.0 33.0 6.8 
12.0 3409.0 2.7 9258.8 1.0 1.0 1.0 1.0 31.0 9.5 
12.0 3952.0 1.5 5966.5 1.0 0.0 1.0 1.0 32.0 8.1 
12.0 3000.0 7.3 21877.3 1.0 0.0 1.0 2.0 33.0 8.2 
12.0 2250.0 17.6 42538.9 0.0 0.0 1.0 2.0 33.0 9.5 
12.0 2250.0 17.6 44464.0 0.0 0.0 1.0 2.0 34.0 8.1 
12.0 2250.0 19.7 49437.0 0.0 0.0 1.0 2.0 35.0 8.2 
16.0 2032.0 19.5 39618.9 0.0 1.0 1.0 2.0 40.0 9.1 
16.0 2167.0 18.0 40157.3 0.0 1.0 1.0 3.0 41.0 9.0 
16.0 1944.0 20.5 43186.4 0.0 1.0 1.0 3.0 42.0 8.1 
12.0 3313.0 10.4 34436.1 1.0 0.0 1.0 4.0 38.0 9.5 
12.0 4284.0 4.4 18788.9 1.0 0.0 1.0 4.0 39.0 8.1 
12.0 3328.0 11.3 37690.3 1.0 1.0 1.0 4.0 40.0 8.2 
12.0 2056.0 17.5 40255.8 0.0 0.0 1.0 4.0 45.0 9.5 
12.0 2056.0 16.8 36156.7 0.0 0.0 1.0 4.0 46.0 8.1 
12.0 1526.0 19.4 29548.6 0.0 0.0 1.0 4.0 47.0 8.2 
13.0 2210.0 7.3 16222.5 0.0 1.0 0.0 0.0 36.0 5.6 
13.0 1568.0 4.5 6983.9 0.0 0.0 0.0 0.0 37.0 5.9 
13.0 2180.0 2.5 5455.1 0.0 0.0 0.0 0.0 38.0 6.9 
17.0 3947.0 15.2 80511.6 1.0 1.0 1.0 1.0 53.0 4.8 
17.0 3036.0 23.0 90790.3 1.0 1.0 1.0 1.0 54.0 3.9 
17.0 2430.0 25.7 79553.8 1.0 1.0 1.0 1.0 55.0 3.8 
16.0 1824.0 2.5 8700.1 1.0 0.0 1.0 0.0 33.0 9.1 
16.0 1468.0 3.5 11721.3 0.0 0.0 1.0 0.0 34.0 8.0 
16.0 1934.0 4.8 18053.0 0.0 0.0 1.0 0.0 35.0 6.8 
13.0 3082.0 9.2 28288.4 1.0 0.0 1.0 0.0 38.0 7.8 
13.0 2380.0 2.8 6732.5 1.0 0.0 1.0 0.0 39.0 7.2 
13.0 1145.0 15.0 17130.2 0.0 0.0 1.0 0.0 40.0 6.7 
14.0 1840.0 9.1 39825.6 0.0 0.0 1.0 0.0 32.0 9.1 
14.0 3499.0 4.8 43585.2 0.0 0.0 1.0 0.0 33.0 8.0 
14.0 4400.0 4.4 48868.8 0.0 0.0 1.0 0.0 34.0 6.8 
9.0 1706.0 25.4 43259.9 0.0 0.0 1.0 0.0 58.0 9.1 
9.0 2000.0 21.5 43067.2 0.0 0.0 1.0 0.0 59.0 8.0 
9.0 1920.0 20.5 39322.3 0.0 0.0 1.0 0.0 60.0 6.8 
12.0 1619.0 11.1 35689.4 0.0 0.0 1.0 3.0 38.0 8.9 
12.0 2150.0 8.1 29099.5 0.0 0.0 1.0 3.0 39.0 8.7 
12.0 1900.0 6.6 24661.7 0.0 0.0 1.0 3.0 40.0 8.7 
12.0 2580.0 3.5 12182.5 0.0 0.0 1.0 2.0 29.0 10.0 
12.0 3120.0 5.2 16295.7 0.0 0.0 1.0 2.0 30.0 11.5 
12.0 2862.0 2.8 7955.4 0.0 0.0 1.0 2.0 31.0 13.1 
14.0 2096.0 15.0 31483.6 0.0 1.0 1.0 0.0 25.0 9.4 
14.0 2042.0 14.3 41903.2 0.0 1.0 1.0 0.0 26.0 8.9 
14.0 1976.0 16.4 47732.3 0.0 1.0 1.0 0.0 27.0 8.1 
12.0 1896.0 12.4 40255.8 0.0 0.0 1.0 0.0 33.0 7.0 
12.0 1912.0 12.1 39982.7 0.0 0.0 1.0 0.0 34.0 8.0 
12.0 1900.0 12.6 42731.8 0.0 0.0 1.0 0.0 35.0 7.0 
12.0 2142.0 5.9 20788.8 0.0 0.0 1.0 0.0 56.0 7.0 
12.0 1400.0 3.3 17226.9 0.0 0.0 1.0 0.0 57.0 8.0 
12.0 1596.0 7.1 25002.6 0.0 0.0 1.0 0.0 58.0 7.0 
12.0 1846.0 14.3 45543.1 0.0 0.0 1.0 0.0 47.0 9.4 
12.0 1992.0 9.3 36042.6 0.0 0.0 1.0 0.0 48.0 8.9 
12.0 2033.0 17.3 54551.2 0.0 0.0 1.0 0.0 49.0 8.1 
12.0 1552.0 7.8 18428.7 1.0 0.0 1.0 2.0 31.0 7.2 
12.0 2000.0 11.1 32591.4 0.0 1.0 1.0 2.0 32.0 6.4 
12.0 2964.0 7.1 32306.8 0.0 1.0 1.0 2.0 33.0 6.1 
12.0 1852.0 21.9 59871.8 0.0 0.0 1.0 0.0 58.0 9.4 
12.0 1670.0 25.1 61262.5 0.0 0.0 1.0 0.0 59.0 8.9 
12.0 1640.0 21.6 53655.6 0.0 0.0 1.0 0.0 60.0 8.1 
17.0 2362.0 19.6 53594.3 0.0 1.0 1.0 1.0 33.0 4.8 
17.0 2331.0 20.5 64784.7 0.0 1.0 1.0 1.0 34.0 3.9 
17.0 2836.0 17.2 60688.2 0.0 1.0 1.0 1.0 35.0 3.8 
17.0 2640.0 29.6 98536.5 0.0 0.0 1.0 0.0 56.0 9.1 
17.0 2450.0 71.3 195548.4 1.0 1.0 1.0 0.0 57.0 9.0 
17.0 3120.0 21.9 88645.7 1.0 1.0 1.0 0.0 58.0 8.1 
12.0 2531.0 9.7 40856.6 0.0 0.0 1.0 1.0 28.0 7.0 
12.0 2430.0 9.7 40506.4 0.0 0.0 1.0 2.0 29.0 8.0 
12.0 2562.0 9.2 42316.9 0.0 0.0 1.0 2.0 30.0 7.0 
12.0 927.0 14.3 31844.1 0.0 0.0 1.0 2.0 30.0 7.0 
12.0 1411.0 9.9 31859.3 0.0 0.0 1.0 2.0 31.0 8.0 
12.0 2410.0 7.4 36756.1 0.0 0.0 1.0 2.0 32.0 7.0 
15.0 2040.0 6.5 13242.3 1.0 0.0 1.0 0.0 55.0 7.8 
15.0 1175.0 5.5 6503.1 1.0 0.0 1.0 0.0 56.0 7.2 
15.0 768.0 22.8 17483.7 1.0 0.0 1.0 0.0 57.0 6.7 
4.0 3744.0 23.4 95757.1 0.0 0.0 1.0 1.0 56.0 10.8 
4.0 5712.0 4.7 34337.4 0.0 0.0 1.0 0.0 57.0 10.3 
4.0 1346.0 11.8 22729.7 0.0 0.0 1.0 0.0 58.0 11.7 
12.0 4499.0 9.0 40556.2 0.0 0.0 1.0 2.0 27.0 11.2 
12.0 3152.0 12.8 40448.3 0.0 0.0 1.0 2.0 28.0 9.9 
12.0 2270.0 15.8 35873.1 0.0 0.0 1.0 2.0 29.0 8.8 
14.0 2060.0 15.8 32445.0 0.0 0.0 1.0 2.0 52.0 11.2 
14.0 2112.0 18.2 38411.3 0.0 0.0 1.0 2.0 53.0 9.9 
14.0 184.0 111.2 20456.7 0.0 0.0 1.0 2.0 54.0 8.8 
13.0 1992.0 7.8 24273.6 0.0 1.0 1.0 1.0 34.0 6.7 
13.0 1980.0 8.5 26422.3 0.0 1.0 1.0 1.0 35.0 5.4 
13.0 1974.0 9.6 28866.7 0.0 1.0 1.0 1.0 36.0 5.3 
14.0 2530.0 4.9 12335.1 1.0 0.0 1.0 1.0 35.0 6.7 
14.0 3535.0 5.2 18387.4 1.0 0.0 1.0 1.0 36.0 5.4 
14.0 3710.0 7.7 30457.7 0.0 0.0 1.0 1.0 37.0 5.3 
17.0 1558.0 50.1 81112.4 1.0 0.0 1.0 0.0 50.0 6.5 
17.0 1426.0 29.1 44479.1 1.0 0.0 1.0 0.0 51.0 5.9 
17.0 1665.0 113.6 193202.1 1.0 0.0 1.0 0.0 52.0 6.0 
17.0 2618.0 10.7 29200.5 0.0 1.0 1.0 0.0 57.0 8.6 
17.0 2640.0 10.8 30263.4 0.0 1.0 1.0 0.0 58.0 7.9 
17.0 2802.0 9.7 40117.9 0.0 1.0 1.0 0.0 59.0 6.7 
14.0 3489.0 6.7 28719.8 0.0 0.0 1.0 2.0 44.0 4.4 
14.0 4419.0 4.6 20142.7 0.0 0.0 1.0 2.0 45.0 5.5 
14.0 660.0 3.2 2141.1 1.0 0.0 0.0 1.0 46.0 5.0 
14.0 2449.0 10.3 43763.4 0.0 0.0 1.0 2.0 39.0 6.3 
14.0 2080.0 6.7 37247.3 0.0 0.0 1.0 2.0 40.0 6.0 
14.0 1750.0 11.0 36367.4 0.0 0.0 1.0 2.0 41.0 5.3 
16.0 2923.0 15.8 46264.1 0.0 1.0 0.0 0.0 46.0 8.6 
16.0 3166.0 16.2 70062.2 0.0 1.0 0.0 0.0 47.0 7.9 
16.0 3160.0 16.2 67620.7 0.0 1.0 1.0 1.0 48.0 6.7 
14.0 2169.0 11.8 25595.5 0.0 1.0 1.0 2.0 27.0 7.8 
14.0 2134.0 11.4 24443.6 0.0 1.0 1.0 2.0 28.0 7.2 
14.0 2262.0 10.1 22729.7 0.0 1.0 1.0 2.0 29.0 6.7 
15.0 3010.0 19.2 57685.9 1.0 0.0 1.0 2.0 37.0 7.8 
15.0 5390.0 17.8 102220.6 1.0 1.0 1.0 2.0 38.0 7.2 
15.0 4160.0 12.3 59324.4 1.0 1.0 1.0 2.0 39.0 6.7 
14.0 2788.0 10.3 46837.3 0.0 0.0 1.0 2.0 35.0 7.8 
14.0 2252.0 14.0 51215.1 0.0 0.0 1.0 2.0 36.0 7.2 
14.0 1920.0 16.6 51823.6 0.0 0.0 1.0 2.0 37.0 6.7 
12.0 144.0 2.9 8832.2 0.0 0.0 1.0 0.0 36.0 7.8 
12.0 0.0 5.9 32009.4 0.0 0.0 1.0 0.0 37.0 7.2 
12.0 0.0 5.9 28980.3 0.0 0.0 1.0 0.0 38.0 6.7 
11.0 1155.0 26.6 30678.5 0.0 1.0 1.0 1.0 56.0 5.9 
11.0 1482.0 23.6 34919.4 0.0 0.0 1.0 1.0 57.0 7.0 
11.0 1600.0 10.7 17047.2 0.0 0.0 1.0 1.0 58.0 8.9 
12.0 592.0 2.7 1622.3 0.0 0.0 1.0 3.0 39.0 15.0 
12.0 1407.0 5.7 8078.0 1.0 0.0 1.0 3.0 40.0 13.0 
12.0 2030.0 4.6 9331.7 1.0 0.0 1.0 3.0 41.0 11.8 
17.0 1829.0 35.5 64889.9 0.0 1.0 1.0 0.0 33.0 6.3 
17.0 1976.0 35.9 71002.7 0.0 1.0 1.0 0.0 34.0 6.0 
17.0 1794.0 41.2 75098.8 0.0 1.0 1.0 0.0 35.0 5.7 
14.0 2530.0 20.0 67293.3 0.0 0.0 0.0 0.0 28.0 6.3 
14.0 2624.0 15.3 40739.3 1.0 0.0 1.0 0.0 29.0 6.0 
14.0 2435.0 29.9 89782.1 1.0 1.0 1.0 0.0 30.0 5.7 
12.0 0.0 8.3 35997.1 0.0 0.0 1.0 0.0 54.0 6.3 
12.0 266.0 2.6 26826.2 0.0 0.0 1.0 0.0 55.0 6.0 
12.0 688.0 1.0 28499.6 1.0 0.0 1.0 0.0 56.0 5.7 
7.0 2976.0 5.1 33031.4 1.0 1.0 1.0 0.0 32.0 7.1 
7.0 3120.0 3.9 27423.3 1.0 1.0 1.0 1.0 33.0 6.8 
7.0 3120.0 3.8 32457.9 1.0 1.0 1.0 1.0 34.0 6.2 
16.0 1928.0 27.4 88923.2 0.0 1.0 1.0 0.0 29.0 7.2 
16.0 2060.0 29.5 87647.6 0.0 1.0 1.0 0.0 30.0 6.5 
16.0 2450.0 27.8 96601.0 0.0 1.0 1.0 0.0 31.0 6.3 
17.0 1816.0 20.9 59602.6 0.0 1.0 1.0 1.0 33.0 5.0 
17.0 1880.0 18.0 65182.8 0.0 1.0 1.0 2.0 34.0 6.5 
17.0 1840.0 19.8 63643.0 0.0 1.0 1.0 2.0 35.0 6.9 
6.0 2362.0 8.4 19947.6 0.0 0.0 1.0 0.0 55.0 7.8 
6.0 1920.0 12.1 23308.7 0.0 0.0 1.0 0.0 56.0 7.2 
6.0 2140.0 8.5 18115.5 0.0 0.0 1.0 0.0 57.0 6.7 
17.0 2695.0 29.4 79309.9 0.0 1.0 1.0 0.0 52.0 7.8 
17.0 2237.0 30.7 70928.2 0.0 0.0 1.0 0.0 53.0 7.2 
17.0 2504.0 25.0 97737.5 0.0 1.0 1.0 0.0 54.0 6.7 
12.0 1960.0 24.5 62486.6 0.0 0.0 1.0 1.0 46.0 5.9 
12.0 1920.0 19.4 51215.1 0.0 0.0 1.0 0.0 47.0 7.0 
12.0 1920.0 17.8 47732.3 0.0 0.0 1.0 0.0 48.0 8.9 
14.0 2653.0 19.5 80511.6 0.0 0.0 1.0 2.0 35.0 5.9 
14.0 2746.0 16.0 75962.4 0.0 0.0 1.0 2.0 36.0 7.0 
14.0 1970.0 18.5 73675.9 0.0 0.0 1.0 3.0 37.0 8.9 
15.0 2295.0 13.6 34848.3 0.0 1.0 1.0 0.0 33.0 5.9 
15.0 2200.0 20.1 57034.9 0.0 1.0 1.0 0.0 34.0 7.0 
15.0 2500.0 13.6 53039.7 0.0 1.0 1.0 0.0 35.0 8.9 
9.0 1710.0 4.8 14234.9 0.0 0.0 1.0 1.0 37.0 6.7 
9.0 1824.0 4.5 13967.7 0.0 0.0 1.0 1.0 38.0 5.4 
9.0 1908.0 5.1 16024.4 0.0 0.0 1.0 1.0 39.0 5.3 
16.0 1500.0 12.2 20728.7 1.0 0.0 1.0 0.0 53.0 7.8 
16.0 1542.0 12.3 21267.1 1.0 0.0 1.0 0.0 54.0 7.2 
16.0 1248.0 12.0 17188.2 1.0 0.0 1.0 0.0 55.0 6.7 
12.0 2048.0 17.6 66091.6 0.0 0.0 1.0 4.0 35.0 5.4 
12.0 2736.0 13.6 62854.8 0.0 0.0 1.0 4.0 36.0 4.6 
12.0 1920.0 18.4 67052.5 0.0 0.0 1.0 4.0 37.0 4.5 
12.0 1277.0 8.9 11415.8 0.0 1.0 1.0 0.0 57.0 6.3 
12.0 3132.0 3.0 9311.8 0.0 0.0 1.0 0.0 58.0 6.0 
12.0 2380.0 3.0 7079.1 0.0 0.0 1.0 0.0 59.0 7.0 
12.0 1938.0 17.1 33526.5 0.0 1.0 1.0 1.0 56.0 6.3 
12.0 2034.0 16.4 35546.7 0.0 1.0 1.0 1.0 57.0 6.0 
12.0 912.0 18.6 23244.5 0.0 0.0 1.0 1.0 58.0 5.3 
12.0 3060.0 4.3 26354.9 0.0 0.0 1.0 2.0 27.0 6.3 
12.0 1330.0 4.4 17459.7 0.0 0.0 1.0 2.0 28.0 6.0 
12.0 2392.0 7.1 23866.1 0.0 0.0 1.0 3.0 29.0 5.7 
9.0 4144.0 4.9 0.0 1.0 0.0 1.0 2.0 56.0 7.8 
9.0 2600.0 4.9 0.0 1.0 0.0 1.0 2.0 57.0 7.2 
9.0 434.0 13.7 5929.0 1.0 0.0 1.0 2.0 58.0 6.7 
12.0 2496.0 8.5 22351.0 0.0 1.0 1.0 1.0 28.0 9.1 
12.0 2411.0 8.5 21626.7 0.0 1.0 1.0 1.0 29.0 9.0 
12.0 2458.0 8.3 21024.9 0.0 1.0 1.0 1.0 30.0 8.1 
16.0 2110.0 25.6 72099.9 0.0 1.0 1.0 3.0 40.0 7.2 
16.0 2636.0 26.5 93118.3 0.0 1.0 1.0 3.0 41.0 6.5 
16.0 2101.0 21.6 65916.0 0.0 1.0 1.0 2.0 42.0 6.3 
0.0 1660.0 13.8 22831.6 0.0 0.0 1.0 2.0 34.0 10.0 
0.0 2140.0 13.6 29099.5 0.0 0.0 1.0 2.0 35.0 11.5 
0.0 828.0 11.0 9091.9 0.0 0.0 1.0 2.0 36.0 13.1 
13.0 2058.0 24.5 50469.9 0.0 1.0 1.0 2.0 36.0 9.5 
13.0 2030.0 21.8 44231.2 0.0 1.0 1.0 2.0 37.0 8.1 
13.0 2068.0 26.9 55687.7 0.0 1.0 1.0 2.0 38.0 8.2 
12.0 2324.0 11.6 62991.3 0.0 0.0 1.0 1.0 26.0 7.8 
12.0 2144.0 17.7 73973.2 0.0 0.0 1.0 1.0 27.0 7.2 
12.0 2503.0 12.7 59097.1 0.0 0.0 1.0 2.0 28.0 6.7 
16.0 2000.0 15.7 31483.6 0.0 1.0 1.0 0.0 53.0 6.3 
16.0 528.0 39.5 20885.3 0.0 0.0 1.0 0.0 54.0 6.0 
16.0 1636.0 12.5 20456.7 0.0 1.0 1.0 0.0 55.0 5.3 
12.0 0.0 8.8 2765.0 0.0 0.0 1.0 1.0 49.0 7.1 
12.0 0.0 8.8 4149.6 0.0 0.0 1.0 1.0 50.0 6.8 
12.0 0.0 8.8 5689.2 0.0 0.0 1.0 1.0 51.0 6.2 
12.0 2400.0 13.5 32445.0 0.0 0.0 1.0 2.0 30.0 7.1 
12.0 1920.0 15.2 29099.5 0.0 0.0 0.0 0.0 31.0 6.8 
12.0 1952.0 13.9 27058.5 0.0 0.0 0.0 0.0 32.0 6.2 
10.0 2652.0 6.8 18025.0 0.0 0.0 0.0 0.0 29.0 7.1 
10.0 2550.0 8.9 33098.9 0.0 0.0 0.0 4.0 30.0 6.8 
10.0 2750.0 8.7 35231.0 0.0 0.0 1.0 4.0 31.0 6.2 
10.0 2704.0 6.3 24514.0 0.0 1.0 1.0 0.0 53.0 4.8 
10.0 2496.0 9.8 28168.3 0.0 1.0 1.0 0.0 54.0 3.9 
10.0 1928.0 13.0 25002.6 0.0 1.0 1.0 0.0 55.0 3.8 
14.0 0.0 7.2 0.0 1.0 0.0 0.0 2.0 44.0 5.9 
14.0 0.0 7.2 0.0 0.0 0.0 0.0 2.0 45.0 7.0 
14.0 89.0 4.4 392.1 0.0 0.0 0.0 1.0 46.0 8.9 
17.0 2104.0 20.1 42298.6 0.0 1.0 0.0 0.0 46.0 7.2 
17.0 1735.0 26.2 45395.2 0.0 1.0 0.0 0.0 47.0 6.5 
17.0 1944.0 24.6 47769.8 0.0 1.0 0.0 0.0 48.0 6.3 
10.0 2640.0 34.6 91326.5 1.0 0.0 1.0 2.0 25.0 7.0 
10.0 343.0 26.0 8927.7 1.0 0.0 0.0 0.0 26.0 7.0 
10.0 2530.0 3.5 8819.1 1.0 0.0 0.0 3.0 27.0 8.9 
16.0 1990.0 34.8 80929.7 0.0 1.0 1.0 0.0 34.0 11.2 
16.0 1920.0 27.9 55137.7 0.0 1.0 1.0 1.0 35.0 9.9 
16.0 1970.0 47.4 94491.7 0.0 1.0 1.0 1.0 36.0 8.8 
17.0 1272.0 17.0 36049.9 0.0 1.0 1.0 2.0 37.0 7.2 
17.0 1960.0 17.2 46559.1 0.0 1.0 1.0 2.0 38.0 6.5 
17.0 1920.0 16.0 36367.4 0.0 0.0 1.0 2.0 39.0 6.3 
9.0 2016.0 8.5 34367.6 0.0 0.0 1.0 2.0 44.0 7.2 
9.0 2736.0 6.5 35617.7 0.0 0.0 1.0 2.0 45.0 6.4 
9.0 1936.0 8.6 34321.8 0.0 0.0 1.0 1.0 46.0 6.1 
12.0 2061.0 18.1 41664.1 0.0 0.0 1.0 1.0 40.0 6.0 
12.0 2677.0 10.9 32591.4 0.0 0.0 1.0 1.0 41.0 6.5 
12.0 3060.0 10.0 32958.0 0.0 0.0 1.0 1.0 42.0 5.9 
12.0 1944.0 7.5 33766.8 0.0 1.0 1.0 2.0 33.0 7.1 
12.0 1920.0 7.3 34919.4 0.0 1.0 1.0 2.0 34.0 6.8 
12.0 968.0 12.9 30685.0 0.0 1.0 1.0 3.0 35.0 6.2 
12.0 2080.0 4.3 14179.7 0.0 0.0 1.0 3.0 32.0 10.8 
12.0 1548.0 2.3 6983.9 0.0 0.0 1.0 3.0 33.0 10.3 
12.0 1880.0 6.7 18411.0 0.0 0.0 1.0 3.0 34.0 11.7 
11.0 1827.0 10.5 27277.8 0.0 0.0 1.0 0.0 57.0 6.7 
11.0 2400.0 11.6 28197.4 0.0 0.0 1.0 0.0 58.0 5.4 
11.0 2142.0 13.3 32958.0 0.0 0.0 1.0 0.0 59.0 5.3 
5.0 1823.0 12.5 38140.9 0.0 0.0 1.0 1.0 53.0 5.9 
5.0 1644.0 11.3 23861.6 0.0 0.0 1.0 1.0 54.0 7.0 
5.0 0.0 8.9 568.2 0.0 0.0 1.0 0.0 55.0 8.9 
4.0 1760.0 14.9 26240.8 0.0 0.0 1.0 1.0 57.0 6.0 
4.0 1915.0 13.4 25607.5 0.0 0.0 1.0 1.0 58.0 6.5 
4.0 864.0 22.7 19641.8 0.0 1.0 1.0 0.0 59.0 5.9 
14.0 1980.0 7.9 31243.3 0.0 1.0 1.0 0.0 31.0 6.7 
14.0 1984.0 6.8 25025.5 0.0 1.0 1.0 0.0 32.0 5.4 
14.0 1976.0 7.8 32389.8 0.0 1.0 1.0 0.0 33.0 5.3 
14.0 1540.0 21.8 47992.1 0.0 1.0 1.0 4.0 34.0 5.0 
14.0 3384.0 9.6 44696.8 0.0 1.0 1.0 4.0 35.0 5.6 
14.0 532.0 21.0 24795.8 0.0 0.0 1.0 4.0 36.0 5.0 
16.0 4072.0 13.3 96133.2 0.0 0.0 1.0 2.0 46.0 5.4 
16.0 2232.0 20.3 97774.2 0.0 0.0 1.0 2.0 47.0 4.6 
16.0 2246.0 28.3 112511.8 0.0 0.0 1.0 2.0 48.0 4.5 
16.0 2040.0 3.5 52897.3 1.0 0.0 1.0 0.0 34.0 7.0 
16.0 2016.0 3.5 51224.4 1.0 0.0 1.0 1.0 35.0 7.1 
16.0 696.0 8.2 60233.6 1.0 0.0 1.0 1.0 36.0 8.2 
12.0 1944.0 6.8 13218.3 0.0 0.0 0.0 0.0 27.0 9.1 
12.0 2000.0 7.3 14607.9 0.0 0.0 0.0 0.0 28.0 8.0 
12.0 1900.0 10.2 19320.2 0.0 0.0 0.0 0.0 29.0 6.8 
11.0 956.0 7.6 7210.0 0.0 0.0 0.0 0.0 58.0 9.4 
11.0 72.0 16.2 1164.0 1.0 0.0 0.0 0.0 59.0 8.9 
11.0 0.0 5.4 0.0 0.0 0.0 0.0 0.0 60.0 8.1 
11.0 0.0 13.2 21630.0 0.0 0.0 1.0 0.0 49.0 9.1 
11.0 0.0 13.2 23139.9 0.0 0.0 1.0 0.0 50.0 8.0 
11.0 0.0 13.2 23866.1 0.0 0.0 1.0 0.0 51.0 6.8 
17.0 4700.0 7.7 36049.9 0.0 1.0 1.0 3.0 46.0 5.9 
17.0 4764.0 7.3 43067.2 0.0 1.0 1.0 2.0 47.0 7.0 
17.0 4896.0 11.4 65916.0 0.0 1.0 1.0 2.0 48.0 8.9 
10.0 1960.0 20.2 40087.6 0.0 0.0 1.0 0.0 43.0 9.4 
10.0 1928.0 18.1 35350.0 0.0 0.0 1.0 0.0 44.0 8.8 
10.0 1872.0 18.8 35231.0 0.0 0.0 1.0 0.0 45.0 8.5 
12.0 2024.0 7.2 25295.1 0.0 0.0 1.0 1.0 28.0 9.1 
12.0 2040.0 7.6 25065.1 0.0 0.0 1.0 1.0 29.0 9.0 
12.0 2040.0 7.7 29357.6 0.0 0.0 1.0 2.0 30.0 8.1 
16.0 2440.0 19.0 46324.2 0.0 1.0 1.0 2.0 34.0 7.2 
16.0 2515.0 18.5 51215.1 0.0 1.0 1.0 2.0 35.0 6.4 
16.0 3995.0 12.5 52278.2 0.0 1.0 1.0 2.0 36.0 6.1 
12.0 2068.0 20.3 42058.3 0.0 1.0 1.0 2.0 35.0 9.1 
12.0 2024.0 20.6 41670.4 0.0 1.0 1.0 2.0 36.0 8.0 
12.0 1960.0 23.2 45538.9 0.0 1.0 1.0 2.0 37.0 6.8 
4.0 0.0 13.3 0.0 0.0 0.0 1.0 1.0 55.0 5.0 
4.0 0.0 13.3 0.0 0.0 0.0 1.0 1.0 56.0 6.5 
4.0 0.0 13.3 0.0 0.0 0.0 1.0 1.0 57.0 6.9 
12.0 1683.0 4.3 7210.0 0.0 0.0 1.0 1.0 36.0 9.1 
12.0 2000.0 5.2 10359.4 0.0 1.0 1.0 1.0 37.0 8.0 
12.0 1960.0 6.0 11705.8 0.0 1.0 1.0 1.0 38.0 6.8 
11.0 1950.0 19.7 50469.9 0.0 1.0 1.0 1.0 51.0 7.8 
11.0 1172.0 19.9 39575.3 0.0 0.0 1.0 1.0 52.0 7.2 
11.0 1996.0 18.2 52278.2 0.0 0.0 1.0 1.0 53.0 6.7 
12.0 3658.0 23.0 84597.2 1.0 1.0 1.0 2.0 32.0 7.2 
12.0 3686.0 23.7 87298.4 1.0 0.0 1.0 2.0 33.0 6.5 
12.0 3570.0 27.1 96601.0 1.0 1.0 1.0 2.0 34.0 6.3 
17.0 1986.0 18.1 46735.2 0.0 1.0 1.0 0.0 54.0 5.4 
17.0 2260.0 14.9 45278.8 0.0 1.0 1.0 0.0 55.0 4.6 
17.0 2474.0 15.1 49779.1 0.0 1.0 1.0 0.0 56.0 4.5 
12.0 3134.0 13.8 44041.0 0.0 0.0 1.0 3.0 34.0 11.2 
12.0 3040.0 18.8 57383.0 0.0 0.0 1.0 3.0 35.0 9.9 
12.0 4188.0 14.2 68643.6 0.0 0.0 1.0 3.0 36.0 8.8 
6.0 0.0 5.3 0.0 0.0 0.0 1.0 5.0 57.0 5.0 
6.0 0.0 5.3 0.0 0.0 0.0 1.0 3.0 58.0 5.6 
6.0 0.0 5.3 0.0 0.0 0.0 1.0 2.0 59.0 5.0 
14.0 2084.0 24.2 70898.2 0.0 0.0 1.0 1.0 31.0 5.0 
14.0 2488.0 18.7 64018.8 0.0 0.0 1.0 1.0 32.0 5.6 
14.0 2249.0 19.7 61938.3 0.0 0.0 1.0 1.0 33.0 5.0 
12.0 1634.0 27.2 58881.6 0.0 0.0 1.0 1.0 29.0 5.0 
12.0 1591.0 24.9 53543.0 0.0 0.0 1.0 1.0 30.0 5.6 
12.0 1960.0 17.4 50005.3 0.0 0.0 1.0 1.0 31.0 5.0 
12.0 2112.0 25.6 54074.9 0.0 1.0 1.0 1.0 34.0 5.9 
12.0 2094.0 27.2 59130.1 0.0 1.0 1.0 2.0 35.0 7.0 
12.0 2112.0 28.0 63643.0 0.0 1.0 1.0 2.0 36.0 8.9 
14.0 2121.0 12.6 26881.3 0.0 0.0 1.0 3.0 31.0 6.7 
14.0 2070.0 12.5 28195.1 0.0 0.0 1.0 3.0 32.0 5.4 
14.0 2040.0 11.7 26423.2 0.0 0.0 1.0 3.0 33.0 5.3 
12.0 1566.0 15.4 24033.3 0.0 0.0 1.0 1.0 37.0 10.0 
12.0 2240.0 11.5 26521.3 0.0 0.0 1.0 1.0 38.0 11.5 
12.0 696.0 10.4 8067.9 0.0 0.0 1.0 1.0 39.0 13.1 
15.0 608.0 5.9 17424.1 0.0 0.0 1.0 2.0 28.0 10.8 
15.0 1040.0 3.3 15131.7 0.0 0.0 1.0 2.0 29.0 10.3 
15.0 512.0 15.5 13637.8 0.0 0.0 1.0 2.0 30.0 5.9 
15.0 2250.0 20.4 55468.9 0.0 1.0 1.0 0.0 30.0 11.1 
15.0 2227.0 14.1 39109.7 0.0 1.0 1.0 0.0 31.0 6.5 
15.0 1856.0 22.7 60233.6 0.0 1.0 1.0 1.0 32.0 5.9 
14.0 2340.0 11.3 39654.9 0.0 0.0 1.0 1.0 34.0 5.4 
14.0 1876.0 18.9 50644.7 0.0 0.0 1.0 1.0 35.0 4.6 
14.0 1276.0 3.6 18752.0 0.0 0.0 1.0 1.0 36.0 4.5 
12.0 2600.0 9.7 25235.0 0.0 0.0 1.0 2.0 46.0 6.2 
12.0 2170.0 10.7 23745.2 0.0 0.0 1.0 2.0 47.0 5.7 
12.0 2082.0 13.1 30685.0 0.0 0.0 1.0 2.0 48.0 5.0 
16.0 1840.0 65.3 162224.8 1.0 0.0 1.0 0.0 42.0 7.8 
16.0 1832.0 63.5 157137.1 1.0 0.0 1.0 0.0 43.0 7.2 
16.0 1840.0 61.8 147742.8 1.0 0.0 1.0 0.0 44.0 6.7 
17.0 2964.0 22.3 66070.0 1.0 0.0 1.0 3.0 42.0 9.4 
17.0 3185.0 20.1 63997.9 1.0 0.0 1.0 3.0 43.0 8.9 
17.0 2928.0 22.9 69057.3 1.0 0.0 1.0 3.0 44.0 8.1 
16.0 1960.0 30.6 100939.9 0.0 0.0 1.0 1.0 35.0 9.4 
16.0 2009.0 27.0 94864.3 0.0 0.0 1.0 1.0 36.0 8.9 
16.0 1976.0 28.8 100010.5 0.0 0.0 1.0 1.0 37.0 8.1 
16.0 2861.0 13.2 60684.1 0.0 0.0 1.0 2.0 37.0 7.2 
16.0 3069.0 10.1 54125.0 0.0 0.0 1.0 2.0 38.0 6.5 
16.0 2760.0 9.9 54551.2 0.0 0.0 1.0 2.0 39.0 6.3 
17.0 1580.0 21.0 64337.1 0.0 1.0 1.0 1.0 37.0 7.2 
17.0 1365.0 35.0 81478.5 0.0 1.0 1.0 1.0 38.0 6.5 
17.0 1496.0 32.7 83076.9 0.0 1.0 1.0 1.0 39.0 6.3 
12.0 2500.0 3.0 7510.4 1.0 0.0 0.0 0.0 36.0 6.7 
12.0 3770.0 5.8 5005.1 1.0 0.0 0.0 0.0 37.0 5.4 
12.0 3816.0 2.1 11828.5 1.0 0.0 1.0 0.0 38.0 5.3 
10.0 1969.0 7.6 14420.0 1.0 0.0 1.0 1.0 43.0 9.3 
10.0 2856.0 4.9 30263.4 0.0 0.0 1.0 0.0 44.0 9.5 
10.0 1536.0 18.5 44322.8 0.0 0.0 1.0 0.0 45.0 9.3 
12.0 2436.0 3.1 7472.0 1.0 0.0 1.0 1.0 36.0 8.6 
12.0 3640.0 3.8 13758.2 1.0 0.0 1.0 1.0 37.0 8.0 
12.0 1688.0 8.3 14073.1 1.0 0.0 1.0 1.0 38.0 8.0 
16.0 2396.0 12.9 31011.4 0.0 1.0 0.0 0.0 28.0 5.0 
16.0 1320.0 18.5 24443.6 0.0 1.0 0.0 0.0 29.0 7.2 
16.0 2024.0 15.2 30685.0 0.0 1.0 0.0 0.0 30.0 6.7 
14.0 2000.0 8.4 29699.2 0.0 0.0 1.0 1.0 37.0 7.8 
14.0 2794.0 6.7 34919.4 0.0 0.0 1.0 1.0 38.0 7.2 
14.0 2170.0 10.5 36367.4 0.0 0.0 1.0 2.0 39.0 6.7 
12.0 0.0 15.6 18025.0 0.0 0.0 1.0 0.0 54.0 9.4 
12.0 0.0 15.6 17459.7 0.0 1.0 1.0 0.0 55.0 8.8 
12.0 0.0 15.6 19241.8 0.0 0.0 1.0 0.0 56.0 8.5 
8.0 8.0 15.0 7827.6 0.0 0.0 1.0 3.0 41.0 7.1 
8.0 2080.0 3.9 8684.4 0.0 0.0 1.0 3.0 42.0 6.8 
8.0 2080.0 4.6 12741.1 0.0 0.0 1.0 3.0 43.0 6.2 
